4.550000000000000000e+02,4.080000000000000000e+02
4.530000000000000000e+02,4.100000000000000000e+02
4.530000000000000000e+02,4.330000000000000000e+02
4.540000000000000000e+02,4.340000000000000000e+02
4.540000000000000000e+02,4.420000000000000000e+02
4.550000000000000000e+02,4.430000000000000000e+02
4.550000000000000000e+02,4.470000000000000000e+02
4.560000000000000000e+02,4.480000000000000000e+02
4.560000000000000000e+02,4.510000000000000000e+02
4.570000000000000000e+02,4.520000000000000000e+02
4.570000000000000000e+02,4.580000000000000000e+02
4.580000000000000000e+02,4.590000000000000000e+02
4.580000000000000000e+02,4.730000000000000000e+02
4.590000000000000000e+02,4.740000000000000000e+02
4.590000000000000000e+02,4.780000000000000000e+02
4.580000000000000000e+02,4.790000000000000000e+02
4.580000000000000000e+02,4.810000000000000000e+02
4.590000000000000000e+02,4.820000000000000000e+02
4.590000000000000000e+02,4.850000000000000000e+02
4.620000000000000000e+02,4.880000000000000000e+02
4.650000000000000000e+02,4.880000000000000000e+02
4.660000000000000000e+02,4.890000000000000000e+02
4.720000000000000000e+02,4.890000000000000000e+02
4.730000000000000000e+02,4.900000000000000000e+02
4.810000000000000000e+02,4.900000000000000000e+02
4.830000000000000000e+02,4.880000000000000000e+02
4.830000000000000000e+02,4.620000000000000000e+02
4.840000000000000000e+02,4.610000000000000000e+02
4.840000000000000000e+02,4.550000000000000000e+02
4.850000000000000000e+02,4.540000000000000000e+02
4.850000000000000000e+02,4.490000000000000000e+02
4.860000000000000000e+02,4.480000000000000000e+02
4.860000000000000000e+02,4.110000000000000000e+02
4.850000000000000000e+02,4.100000000000000000e+02
4.850000000000000000e+02,4.090000000000000000e+02
4.840000000000000000e+02,4.080000000000000000e+02
