5.210000000000000000e+02,4.080000000000000000e+02
5.200000000000000000e+02,4.090000000000000000e+02
5.030000000000000000e+02,4.090000000000000000e+02
5.020000000000000000e+02,4.100000000000000000e+02
5.020000000000000000e+02,4.110000000000000000e+02
5.010000000000000000e+02,4.120000000000000000e+02
5.010000000000000000e+02,4.140000000000000000e+02
5.020000000000000000e+02,4.150000000000000000e+02
5.020000000000000000e+02,4.450000000000000000e+02
5.030000000000000000e+02,4.460000000000000000e+02
5.030000000000000000e+02,4.490000000000000000e+02
5.040000000000000000e+02,4.500000000000000000e+02
5.040000000000000000e+02,4.530000000000000000e+02
5.050000000000000000e+02,4.540000000000000000e+02
5.050000000000000000e+02,4.600000000000000000e+02
5.060000000000000000e+02,4.610000000000000000e+02
5.060000000000000000e+02,4.690000000000000000e+02
5.070000000000000000e+02,4.700000000000000000e+02
5.070000000000000000e+02,4.780000000000000000e+02
5.080000000000000000e+02,4.790000000000000000e+02
5.080000000000000000e+02,4.910000000000000000e+02
5.110000000000000000e+02,4.940000000000000000e+02
5.130000000000000000e+02,4.940000000000000000e+02
5.140000000000000000e+02,4.950000000000000000e+02
5.260000000000000000e+02,4.950000000000000000e+02
5.300000000000000000e+02,4.910000000000000000e+02
5.300000000000000000e+02,4.830000000000000000e+02
5.310000000000000000e+02,4.820000000000000000e+02
5.310000000000000000e+02,4.550000000000000000e+02
5.320000000000000000e+02,4.540000000000000000e+02
5.320000000000000000e+02,4.490000000000000000e+02
5.330000000000000000e+02,4.480000000000000000e+02
5.330000000000000000e+02,4.290000000000000000e+02
5.320000000000000000e+02,4.280000000000000000e+02
5.320000000000000000e+02,4.140000000000000000e+02
5.310000000000000000e+02,4.130000000000000000e+02
5.310000000000000000e+02,4.110000000000000000e+02
5.290000000000000000e+02,4.090000000000000000e+02
5.270000000000000000e+02,4.090000000000000000e+02
5.260000000000000000e+02,4.080000000000000000e+02
