7.240000000000000000e+02,3.300000000000000000e+02
7.210000000000000000e+02,3.330000000000000000e+02
7.210000000000000000e+02,3.340000000000000000e+02
7.220000000000000000e+02,3.350000000000000000e+02
7.220000000000000000e+02,3.370000000000000000e+02
7.230000000000000000e+02,3.380000000000000000e+02
7.230000000000000000e+02,3.390000000000000000e+02
7.250000000000000000e+02,3.410000000000000000e+02
7.250000000000000000e+02,3.430000000000000000e+02
7.260000000000000000e+02,3.440000000000000000e+02
7.260000000000000000e+02,3.530000000000000000e+02
7.280000000000000000e+02,3.550000000000000000e+02
7.280000000000000000e+02,3.560000000000000000e+02
7.310000000000000000e+02,3.590000000000000000e+02
7.400000000000000000e+02,3.590000000000000000e+02
7.410000000000000000e+02,3.580000000000000000e+02
7.450000000000000000e+02,3.580000000000000000e+02
7.460000000000000000e+02,3.570000000000000000e+02
7.470000000000000000e+02,3.570000000000000000e+02
7.480000000000000000e+02,3.560000000000000000e+02
7.490000000000000000e+02,3.560000000000000000e+02
7.580000000000000000e+02,3.470000000000000000e+02
7.580000000000000000e+02,3.440000000000000000e+02
7.590000000000000000e+02,3.430000000000000000e+02
7.580000000000000000e+02,3.420000000000000000e+02
7.580000000000000000e+02,3.370000000000000000e+02
7.590000000000000000e+02,3.360000000000000000e+02
7.590000000000000000e+02,3.350000000000000000e+02
7.570000000000000000e+02,3.330000000000000000e+02
7.550000000000000000e+02,3.330000000000000000e+02
7.540000000000000000e+02,3.320000000000000000e+02
7.440000000000000000e+02,3.320000000000000000e+02
7.430000000000000000e+02,3.310000000000000000e+02
7.340000000000000000e+02,3.310000000000000000e+02
7.330000000000000000e+02,3.300000000000000000e+02
