9.720000000000000000e+02,2.530000000000000000e+02
9.680000000000000000e+02,2.570000000000000000e+02
9.680000000000000000e+02,2.580000000000000000e+02
9.670000000000000000e+02,2.590000000000000000e+02
9.670000000000000000e+02,2.620000000000000000e+02
9.660000000000000000e+02,2.630000000000000000e+02
9.660000000000000000e+02,2.650000000000000000e+02
9.620000000000000000e+02,2.690000000000000000e+02
9.620000000000000000e+02,2.700000000000000000e+02
9.600000000000000000e+02,2.720000000000000000e+02
9.600000000000000000e+02,2.730000000000000000e+02
9.570000000000000000e+02,2.760000000000000000e+02
9.570000000000000000e+02,2.770000000000000000e+02
9.560000000000000000e+02,2.780000000000000000e+02
9.560000000000000000e+02,2.790000000000000000e+02
9.520000000000000000e+02,2.830000000000000000e+02
9.520000000000000000e+02,2.840000000000000000e+02
9.490000000000000000e+02,2.870000000000000000e+02
9.480000000000000000e+02,2.870000000000000000e+02
9.450000000000000000e+02,2.900000000000000000e+02
9.430000000000000000e+02,2.900000000000000000e+02
9.420000000000000000e+02,2.910000000000000000e+02
9.390000000000000000e+02,2.910000000000000000e+02
9.380000000000000000e+02,2.920000000000000000e+02
9.360000000000000000e+02,2.920000000000000000e+02
9.350000000000000000e+02,2.930000000000000000e+02
9.280000000000000000e+02,2.930000000000000000e+02
9.270000000000000000e+02,2.940000000000000000e+02
9.120000000000000000e+02,2.940000000000000000e+02
9.110000000000000000e+02,2.950000000000000000e+02
9.050000000000000000e+02,2.950000000000000000e+02
9.030000000000000000e+02,2.970000000000000000e+02
9.030000000000000000e+02,2.990000000000000000e+02
9.040000000000000000e+02,3.000000000000000000e+02
9.040000000000000000e+02,3.010000000000000000e+02
9.060000000000000000e+02,3.030000000000000000e+02
9.070000000000000000e+02,3.030000000000000000e+02
9.080000000000000000e+02,3.040000000000000000e+02
9.100000000000000000e+02,3.040000000000000000e+02
9.120000000000000000e+02,3.060000000000000000e+02
9.130000000000000000e+02,3.060000000000000000e+02
9.140000000000000000e+02,3.070000000000000000e+02
9.150000000000000000e+02,3.070000000000000000e+02
9.160000000000000000e+02,3.080000000000000000e+02
9.180000000000000000e+02,3.080000000000000000e+02
9.190000000000000000e+02,3.090000000000000000e+02
9.210000000000000000e+02,3.090000000000000000e+02
9.230000000000000000e+02,3.110000000000000000e+02
9.240000000000000000e+02,3.110000000000000000e+02
9.250000000000000000e+02,3.120000000000000000e+02
9.260000000000000000e+02,3.120000000000000000e+02
9.290000000000000000e+02,3.150000000000000000e+02
9.300000000000000000e+02,3.150000000000000000e+02
9.410000000000000000e+02,3.260000000000000000e+02
9.410000000000000000e+02,3.270000000000000000e+02
9.430000000000000000e+02,3.290000000000000000e+02
9.430000000000000000e+02,3.300000000000000000e+02
9.440000000000000000e+02,3.310000000000000000e+02
9.450000000000000000e+02,3.310000000000000000e+02
9.480000000000000000e+02,3.340000000000000000e+02
9.490000000000000000e+02,3.340000000000000000e+02
9.500000000000000000e+02,3.350000000000000000e+02
9.510000000000000000e+02,3.350000000000000000e+02
9.530000000000000000e+02,3.370000000000000000e+02
9.530000000000000000e+02,3.380000000000000000e+02
9.540000000000000000e+02,3.390000000000000000e+02
9.550000000000000000e+02,3.390000000000000000e+02
9.560000000000000000e+02,3.400000000000000000e+02
9.560000000000000000e+02,3.440000000000000000e+02
9.570000000000000000e+02,3.450000000000000000e+02
9.570000000000000000e+02,3.550000000000000000e+02
9.580000000000000000e+02,3.560000000000000000e+02
9.580000000000000000e+02,3.600000000000000000e+02
9.590000000000000000e+02,3.610000000000000000e+02
9.670000000000000000e+02,3.610000000000000000e+02
9.680000000000000000e+02,3.620000000000000000e+02
9.710000000000000000e+02,3.620000000000000000e+02
9.720000000000000000e+02,3.610000000000000000e+02
9.820000000000000000e+02,3.610000000000000000e+02
9.830000000000000000e+02,3.600000000000000000e+02
9.850000000000000000e+02,3.600000000000000000e+02
9.860000000000000000e+02,3.610000000000000000e+02
9.940000000000000000e+02,3.610000000000000000e+02
9.950000000000000000e+02,3.600000000000000000e+02
9.960000000000000000e+02,3.600000000000000000e+02
9.970000000000000000e+02,3.590000000000000000e+02
9.970000000000000000e+02,3.550000000000000000e+02
9.980000000000000000e+02,3.540000000000000000e+02
9.980000000000000000e+02,3.530000000000000000e+02
1.000000000000000000e+03,3.510000000000000000e+02
1.001000000000000000e+03,3.510000000000000000e+02
1.002000000000000000e+03,3.500000000000000000e+02
1.004000000000000000e+03,3.500000000000000000e+02
1.007000000000000000e+03,3.530000000000000000e+02
1.009000000000000000e+03,3.530000000000000000e+02
1.010000000000000000e+03,3.540000000000000000e+02
1.010000000000000000e+03,3.560000000000000000e+02
1.012000000000000000e+03,3.580000000000000000e+02
1.013000000000000000e+03,3.570000000000000000e+02
1.013000000000000000e+03,3.530000000000000000e+02
1.012000000000000000e+03,3.520000000000000000e+02
1.013000000000000000e+03,3.510000000000000000e+02
1.013000000000000000e+03,3.480000000000000000e+02
1.015000000000000000e+03,3.460000000000000000e+02
1.015000000000000000e+03,3.450000000000000000e+02
1.016000000000000000e+03,3.440000000000000000e+02
1.016000000000000000e+03,3.400000000000000000e+02
1.017000000000000000e+03,3.390000000000000000e+02
1.017000000000000000e+03,3.360000000000000000e+02
1.020000000000000000e+03,3.330000000000000000e+02
1.020000000000000000e+03,3.310000000000000000e+02
1.021000000000000000e+03,3.300000000000000000e+02
1.021000000000000000e+03,3.290000000000000000e+02
1.022000000000000000e+03,3.280000000000000000e+02
1.022000000000000000e+03,3.270000000000000000e+02
1.023000000000000000e+03,3.260000000000000000e+02
1.023000000000000000e+03,3.250000000000000000e+02
1.024000000000000000e+03,3.240000000000000000e+02
1.024000000000000000e+03,3.230000000000000000e+02
1.025000000000000000e+03,3.220000000000000000e+02
1.025000000000000000e+03,3.200000000000000000e+02
1.026000000000000000e+03,3.190000000000000000e+02
1.026000000000000000e+03,3.160000000000000000e+02
1.027000000000000000e+03,3.150000000000000000e+02
1.027000000000000000e+03,3.130000000000000000e+02
1.028000000000000000e+03,3.120000000000000000e+02
1.028000000000000000e+03,3.040000000000000000e+02
1.029000000000000000e+03,3.030000000000000000e+02
1.029000000000000000e+03,2.920000000000000000e+02
1.030000000000000000e+03,2.910000000000000000e+02
1.030000000000000000e+03,2.860000000000000000e+02
1.031000000000000000e+03,2.850000000000000000e+02
1.031000000000000000e+03,2.840000000000000000e+02
1.033000000000000000e+03,2.820000000000000000e+02
1.033000000000000000e+03,2.790000000000000000e+02
1.034000000000000000e+03,2.780000000000000000e+02
1.034000000000000000e+03,2.580000000000000000e+02
1.033000000000000000e+03,2.570000000000000000e+02
1.033000000000000000e+03,2.560000000000000000e+02
1.031000000000000000e+03,2.540000000000000000e+02
1.027000000000000000e+03,2.540000000000000000e+02
1.026000000000000000e+03,2.530000000000000000e+02
