9.320000000000000000e+02,1.830000000000000000e+02
9.310000000000000000e+02,1.840000000000000000e+02
9.080000000000000000e+02,1.840000000000000000e+02
9.060000000000000000e+02,1.860000000000000000e+02
9.050000000000000000e+02,1.860000000000000000e+02
9.030000000000000000e+02,1.880000000000000000e+02
9.030000000000000000e+02,1.890000000000000000e+02
9.040000000000000000e+02,1.900000000000000000e+02
9.040000000000000000e+02,1.910000000000000000e+02
9.080000000000000000e+02,1.950000000000000000e+02
9.110000000000000000e+02,1.950000000000000000e+02
9.120000000000000000e+02,1.960000000000000000e+02
9.140000000000000000e+02,1.960000000000000000e+02
9.150000000000000000e+02,1.970000000000000000e+02
9.150000000000000000e+02,1.980000000000000000e+02
9.160000000000000000e+02,1.990000000000000000e+02
9.160000000000000000e+02,2.000000000000000000e+02
9.190000000000000000e+02,2.030000000000000000e+02
9.220000000000000000e+02,2.030000000000000000e+02
9.230000000000000000e+02,2.040000000000000000e+02
9.270000000000000000e+02,2.040000000000000000e+02
9.280000000000000000e+02,2.050000000000000000e+02
9.300000000000000000e+02,2.050000000000000000e+02
9.310000000000000000e+02,2.060000000000000000e+02
9.320000000000000000e+02,2.060000000000000000e+02
9.340000000000000000e+02,2.080000000000000000e+02
9.340000000000000000e+02,2.090000000000000000e+02
9.380000000000000000e+02,2.130000000000000000e+02
9.390000000000000000e+02,2.130000000000000000e+02
9.400000000000000000e+02,2.140000000000000000e+02
9.410000000000000000e+02,2.140000000000000000e+02
9.440000000000000000e+02,2.170000000000000000e+02
9.440000000000000000e+02,2.180000000000000000e+02
9.450000000000000000e+02,2.190000000000000000e+02
9.450000000000000000e+02,2.200000000000000000e+02
9.460000000000000000e+02,2.210000000000000000e+02
9.460000000000000000e+02,2.220000000000000000e+02
9.490000000000000000e+02,2.250000000000000000e+02
9.500000000000000000e+02,2.250000000000000000e+02
9.530000000000000000e+02,2.280000000000000000e+02
9.530000000000000000e+02,2.310000000000000000e+02
9.540000000000000000e+02,2.320000000000000000e+02
9.540000000000000000e+02,2.340000000000000000e+02
9.550000000000000000e+02,2.350000000000000000e+02
9.550000000000000000e+02,2.360000000000000000e+02
9.560000000000000000e+02,2.370000000000000000e+02
9.560000000000000000e+02,2.380000000000000000e+02
9.570000000000000000e+02,2.390000000000000000e+02
9.570000000000000000e+02,2.400000000000000000e+02
9.560000000000000000e+02,2.410000000000000000e+02
9.560000000000000000e+02,2.470000000000000000e+02
9.550000000000000000e+02,2.480000000000000000e+02
9.550000000000000000e+02,2.530000000000000000e+02
9.540000000000000000e+02,2.540000000000000000e+02
9.540000000000000000e+02,2.590000000000000000e+02
9.530000000000000000e+02,2.600000000000000000e+02
9.530000000000000000e+02,2.610000000000000000e+02
9.520000000000000000e+02,2.620000000000000000e+02
9.520000000000000000e+02,2.630000000000000000e+02
9.480000000000000000e+02,2.670000000000000000e+02
9.480000000000000000e+02,2.680000000000000000e+02
9.460000000000000000e+02,2.700000000000000000e+02
9.420000000000000000e+02,2.700000000000000000e+02
9.410000000000000000e+02,2.710000000000000000e+02
9.400000000000000000e+02,2.710000000000000000e+02
9.300000000000000000e+02,2.810000000000000000e+02
9.290000000000000000e+02,2.810000000000000000e+02
9.280000000000000000e+02,2.820000000000000000e+02
9.260000000000000000e+02,2.820000000000000000e+02
9.250000000000000000e+02,2.830000000000000000e+02
9.240000000000000000e+02,2.830000000000000000e+02
9.230000000000000000e+02,2.840000000000000000e+02
9.220000000000000000e+02,2.840000000000000000e+02
9.190000000000000000e+02,2.870000000000000000e+02
9.180000000000000000e+02,2.870000000000000000e+02
9.170000000000000000e+02,2.880000000000000000e+02
9.160000000000000000e+02,2.880000000000000000e+02
9.150000000000000000e+02,2.890000000000000000e+02
9.140000000000000000e+02,2.890000000000000000e+02
9.130000000000000000e+02,2.900000000000000000e+02
9.110000000000000000e+02,2.900000000000000000e+02
9.100000000000000000e+02,2.910000000000000000e+02
9.040000000000000000e+02,2.910000000000000000e+02
9.010000000000000000e+02,2.940000000000000000e+02
9.010000000000000000e+02,3.000000000000000000e+02
9.040000000000000000e+02,3.030000000000000000e+02
9.050000000000000000e+02,3.030000000000000000e+02
9.060000000000000000e+02,3.040000000000000000e+02
9.080000000000000000e+02,3.040000000000000000e+02
9.090000000000000000e+02,3.050000000000000000e+02
9.100000000000000000e+02,3.050000000000000000e+02
9.110000000000000000e+02,3.060000000000000000e+02
9.120000000000000000e+02,3.060000000000000000e+02
9.190000000000000000e+02,3.130000000000000000e+02
9.200000000000000000e+02,3.130000000000000000e+02
9.210000000000000000e+02,3.140000000000000000e+02
9.220000000000000000e+02,3.140000000000000000e+02
9.230000000000000000e+02,3.150000000000000000e+02
9.240000000000000000e+02,3.150000000000000000e+02
9.250000000000000000e+02,3.160000000000000000e+02
9.260000000000000000e+02,3.160000000000000000e+02
9.280000000000000000e+02,3.180000000000000000e+02
9.280000000000000000e+02,3.190000000000000000e+02
9.330000000000000000e+02,3.240000000000000000e+02
9.340000000000000000e+02,3.240000000000000000e+02
9.350000000000000000e+02,3.250000000000000000e+02
9.380000000000000000e+02,3.250000000000000000e+02
9.390000000000000000e+02,3.260000000000000000e+02
9.410000000000000000e+02,3.260000000000000000e+02
9.430000000000000000e+02,3.280000000000000000e+02
9.430000000000000000e+02,3.300000000000000000e+02
9.440000000000000000e+02,3.310000000000000000e+02
9.440000000000000000e+02,3.320000000000000000e+02
9.450000000000000000e+02,3.330000000000000000e+02
9.450000000000000000e+02,3.340000000000000000e+02
9.470000000000000000e+02,3.360000000000000000e+02
9.470000000000000000e+02,3.380000000000000000e+02
9.480000000000000000e+02,3.390000000000000000e+02
9.480000000000000000e+02,3.410000000000000000e+02
9.470000000000000000e+02,3.420000000000000000e+02
9.470000000000000000e+02,3.480000000000000000e+02
9.460000000000000000e+02,3.490000000000000000e+02
9.460000000000000000e+02,3.510000000000000000e+02
9.450000000000000000e+02,3.520000000000000000e+02
9.450000000000000000e+02,3.540000000000000000e+02
9.440000000000000000e+02,3.550000000000000000e+02
9.440000000000000000e+02,3.570000000000000000e+02
9.430000000000000000e+02,3.580000000000000000e+02
9.430000000000000000e+02,3.620000000000000000e+02
9.420000000000000000e+02,3.630000000000000000e+02
9.420000000000000000e+02,3.660000000000000000e+02
9.410000000000000000e+02,3.670000000000000000e+02
9.410000000000000000e+02,3.690000000000000000e+02
9.400000000000000000e+02,3.700000000000000000e+02
9.400000000000000000e+02,3.710000000000000000e+02
9.380000000000000000e+02,3.730000000000000000e+02
9.380000000000000000e+02,3.740000000000000000e+02
9.360000000000000000e+02,3.760000000000000000e+02
9.360000000000000000e+02,3.770000000000000000e+02
9.350000000000000000e+02,3.780000000000000000e+02
9.350000000000000000e+02,3.790000000000000000e+02
9.330000000000000000e+02,3.810000000000000000e+02
9.330000000000000000e+02,3.820000000000000000e+02
9.320000000000000000e+02,3.830000000000000000e+02
9.320000000000000000e+02,3.840000000000000000e+02
9.310000000000000000e+02,3.850000000000000000e+02
9.310000000000000000e+02,3.860000000000000000e+02
9.270000000000000000e+02,3.900000000000000000e+02
9.260000000000000000e+02,3.900000000000000000e+02
9.230000000000000000e+02,3.930000000000000000e+02
9.220000000000000000e+02,3.930000000000000000e+02
9.180000000000000000e+02,3.970000000000000000e+02
9.170000000000000000e+02,3.970000000000000000e+02
9.120000000000000000e+02,4.020000000000000000e+02
9.110000000000000000e+02,4.020000000000000000e+02
9.100000000000000000e+02,4.030000000000000000e+02
9.080000000000000000e+02,4.030000000000000000e+02
9.070000000000000000e+02,4.040000000000000000e+02
9.010000000000000000e+02,4.040000000000000000e+02
9.000000000000000000e+02,4.030000000000000000e+02
8.900000000000000000e+02,4.030000000000000000e+02
8.890000000000000000e+02,4.040000000000000000e+02
8.870000000000000000e+02,4.040000000000000000e+02
8.860000000000000000e+02,4.050000000000000000e+02
8.850000000000000000e+02,4.050000000000000000e+02
8.810000000000000000e+02,4.090000000000000000e+02
8.850000000000000000e+02,4.130000000000000000e+02
8.860000000000000000e+02,4.130000000000000000e+02
8.870000000000000000e+02,4.140000000000000000e+02
8.880000000000000000e+02,4.140000000000000000e+02
8.890000000000000000e+02,4.150000000000000000e+02
8.900000000000000000e+02,4.150000000000000000e+02
8.980000000000000000e+02,4.230000000000000000e+02
9.000000000000000000e+02,4.230000000000000000e+02
9.010000000000000000e+02,4.240000000000000000e+02
9.030000000000000000e+02,4.240000000000000000e+02
9.040000000000000000e+02,4.250000000000000000e+02
9.060000000000000000e+02,4.250000000000000000e+02
9.070000000000000000e+02,4.260000000000000000e+02
9.130000000000000000e+02,4.260000000000000000e+02
9.140000000000000000e+02,4.270000000000000000e+02
9.160000000000000000e+02,4.270000000000000000e+02
9.170000000000000000e+02,4.280000000000000000e+02
9.180000000000000000e+02,4.280000000000000000e+02
9.190000000000000000e+02,4.290000000000000000e+02
9.210000000000000000e+02,4.290000000000000000e+02
9.230000000000000000e+02,4.310000000000000000e+02
9.240000000000000000e+02,4.310000000000000000e+02
9.260000000000000000e+02,4.330000000000000000e+02
9.260000000000000000e+02,4.340000000000000000e+02
9.270000000000000000e+02,4.350000000000000000e+02
9.270000000000000000e+02,4.360000000000000000e+02
9.280000000000000000e+02,4.370000000000000000e+02
9.280000000000000000e+02,4.380000000000000000e+02
9.300000000000000000e+02,4.400000000000000000e+02
9.340000000000000000e+02,4.400000000000000000e+02
9.350000000000000000e+02,4.390000000000000000e+02
9.360000000000000000e+02,4.400000000000000000e+02
9.370000000000000000e+02,4.400000000000000000e+02
9.380000000000000000e+02,4.410000000000000000e+02
9.390000000000000000e+02,4.410000000000000000e+02
9.410000000000000000e+02,4.430000000000000000e+02
9.420000000000000000e+02,4.420000000000000000e+02
9.450000000000000000e+02,4.420000000000000000e+02
9.460000000000000000e+02,4.410000000000000000e+02
9.470000000000000000e+02,4.410000000000000000e+02
9.480000000000000000e+02,4.420000000000000000e+02
9.510000000000000000e+02,4.420000000000000000e+02
9.520000000000000000e+02,4.430000000000000000e+02
9.530000000000000000e+02,4.420000000000000000e+02
9.540000000000000000e+02,4.420000000000000000e+02
9.550000000000000000e+02,4.410000000000000000e+02
9.560000000000000000e+02,4.410000000000000000e+02
9.570000000000000000e+02,4.400000000000000000e+02
9.570000000000000000e+02,4.380000000000000000e+02
9.580000000000000000e+02,4.370000000000000000e+02
9.610000000000000000e+02,4.400000000000000000e+02
9.670000000000000000e+02,4.400000000000000000e+02
9.700000000000000000e+02,4.430000000000000000e+02
9.700000000000000000e+02,4.440000000000000000e+02
9.710000000000000000e+02,4.450000000000000000e+02
9.720000000000000000e+02,4.450000000000000000e+02
9.800000000000000000e+02,4.530000000000000000e+02
9.810000000000000000e+02,4.530000000000000000e+02
9.830000000000000000e+02,4.550000000000000000e+02
9.840000000000000000e+02,4.550000000000000000e+02
9.850000000000000000e+02,4.560000000000000000e+02
9.860000000000000000e+02,4.560000000000000000e+02
9.900000000000000000e+02,4.600000000000000000e+02
9.920000000000000000e+02,4.600000000000000000e+02
9.930000000000000000e+02,4.610000000000000000e+02
9.970000000000000000e+02,4.610000000000000000e+02
9.980000000000000000e+02,4.600000000000000000e+02
1.000000000000000000e+03,4.600000000000000000e+02
1.002000000000000000e+03,4.580000000000000000e+02
1.002000000000000000e+03,4.560000000000000000e+02
1.003000000000000000e+03,4.550000000000000000e+02
1.003000000000000000e+03,4.510000000000000000e+02
1.004000000000000000e+03,4.500000000000000000e+02
1.004000000000000000e+03,4.400000000000000000e+02
1.005000000000000000e+03,4.390000000000000000e+02
1.005000000000000000e+03,4.300000000000000000e+02
1.006000000000000000e+03,4.290000000000000000e+02
1.006000000000000000e+03,4.250000000000000000e+02
1.007000000000000000e+03,4.240000000000000000e+02
1.007000000000000000e+03,4.210000000000000000e+02
1.008000000000000000e+03,4.200000000000000000e+02
1.008000000000000000e+03,4.140000000000000000e+02
1.009000000000000000e+03,4.130000000000000000e+02
1.009000000000000000e+03,4.040000000000000000e+02
1.010000000000000000e+03,4.030000000000000000e+02
1.010000000000000000e+03,3.910000000000000000e+02
1.011000000000000000e+03,3.900000000000000000e+02
1.011000000000000000e+03,3.830000000000000000e+02
1.012000000000000000e+03,3.820000000000000000e+02
1.012000000000000000e+03,3.780000000000000000e+02
1.013000000000000000e+03,3.770000000000000000e+02
1.013000000000000000e+03,3.720000000000000000e+02
1.014000000000000000e+03,3.710000000000000000e+02
1.014000000000000000e+03,3.580000000000000000e+02
1.015000000000000000e+03,3.570000000000000000e+02
1.015000000000000000e+03,3.420000000000000000e+02
1.016000000000000000e+03,3.410000000000000000e+02
1.016000000000000000e+03,3.250000000000000000e+02
1.017000000000000000e+03,3.240000000000000000e+02
1.017000000000000000e+03,3.180000000000000000e+02
1.018000000000000000e+03,3.170000000000000000e+02
1.018000000000000000e+03,3.110000000000000000e+02
1.019000000000000000e+03,3.100000000000000000e+02
1.019000000000000000e+03,2.990000000000000000e+02
1.020000000000000000e+03,2.980000000000000000e+02
1.020000000000000000e+03,2.900000000000000000e+02
1.021000000000000000e+03,2.890000000000000000e+02
1.021000000000000000e+03,2.820000000000000000e+02
1.022000000000000000e+03,2.810000000000000000e+02
1.022000000000000000e+03,2.740000000000000000e+02
1.023000000000000000e+03,2.730000000000000000e+02
1.023000000000000000e+03,2.680000000000000000e+02
1.024000000000000000e+03,2.670000000000000000e+02
1.024000000000000000e+03,2.640000000000000000e+02
1.025000000000000000e+03,2.630000000000000000e+02
1.025000000000000000e+03,2.530000000000000000e+02
1.026000000000000000e+03,2.520000000000000000e+02
1.026000000000000000e+03,2.350000000000000000e+02
1.027000000000000000e+03,2.340000000000000000e+02
1.027000000000000000e+03,2.280000000000000000e+02
1.028000000000000000e+03,2.270000000000000000e+02
1.028000000000000000e+03,2.250000000000000000e+02
1.029000000000000000e+03,2.240000000000000000e+02
1.029000000000000000e+03,2.210000000000000000e+02
1.030000000000000000e+03,2.200000000000000000e+02
1.030000000000000000e+03,2.090000000000000000e+02
1.029000000000000000e+03,2.080000000000000000e+02
1.029000000000000000e+03,2.060000000000000000e+02
1.027000000000000000e+03,2.040000000000000000e+02
1.027000000000000000e+03,2.030000000000000000e+02
1.026000000000000000e+03,2.020000000000000000e+02
1.026000000000000000e+03,2.010000000000000000e+02
1.025000000000000000e+03,2.000000000000000000e+02
1.025000000000000000e+03,1.990000000000000000e+02
1.024000000000000000e+03,1.980000000000000000e+02
1.024000000000000000e+03,1.970000000000000000e+02
1.022000000000000000e+03,1.950000000000000000e+02
1.020000000000000000e+03,1.950000000000000000e+02
1.019000000000000000e+03,1.940000000000000000e+02
1.014000000000000000e+03,1.940000000000000000e+02
1.013000000000000000e+03,1.930000000000000000e+02
1.005000000000000000e+03,1.930000000000000000e+02
1.004000000000000000e+03,1.920000000000000000e+02
1.000000000000000000e+03,1.920000000000000000e+02
9.990000000000000000e+02,1.910000000000000000e+02
9.980000000000000000e+02,1.910000000000000000e+02
9.960000000000000000e+02,1.890000000000000000e+02
9.920000000000000000e+02,1.890000000000000000e+02
9.910000000000000000e+02,1.880000000000000000e+02
9.890000000000000000e+02,1.880000000000000000e+02
9.880000000000000000e+02,1.870000000000000000e+02
9.870000000000000000e+02,1.870000000000000000e+02
9.860000000000000000e+02,1.860000000000000000e+02
9.840000000000000000e+02,1.860000000000000000e+02
9.830000000000000000e+02,1.850000000000000000e+02
9.740000000000000000e+02,1.850000000000000000e+02
9.730000000000000000e+02,1.840000000000000000e+02
9.550000000000000000e+02,1.840000000000000000e+02
9.540000000000000000e+02,1.830000000000000000e+02
