9.430000000000000000e+02,2.590000000000000000e+02
9.420000000000000000e+02,2.600000000000000000e+02
9.410000000000000000e+02,2.600000000000000000e+02
9.400000000000000000e+02,2.610000000000000000e+02
9.390000000000000000e+02,2.610000000000000000e+02
9.350000000000000000e+02,2.650000000000000000e+02
9.340000000000000000e+02,2.650000000000000000e+02
9.320000000000000000e+02,2.670000000000000000e+02
9.310000000000000000e+02,2.670000000000000000e+02
9.270000000000000000e+02,2.710000000000000000e+02
9.270000000000000000e+02,2.720000000000000000e+02
9.260000000000000000e+02,2.730000000000000000e+02
9.250000000000000000e+02,2.730000000000000000e+02
9.240000000000000000e+02,2.740000000000000000e+02
9.230000000000000000e+02,2.740000000000000000e+02
9.220000000000000000e+02,2.750000000000000000e+02
9.210000000000000000e+02,2.750000000000000000e+02
9.200000000000000000e+02,2.760000000000000000e+02
9.190000000000000000e+02,2.760000000000000000e+02
9.180000000000000000e+02,2.770000000000000000e+02
9.170000000000000000e+02,2.770000000000000000e+02
9.160000000000000000e+02,2.780000000000000000e+02
9.130000000000000000e+02,2.780000000000000000e+02
9.120000000000000000e+02,2.790000000000000000e+02
9.090000000000000000e+02,2.790000000000000000e+02
9.080000000000000000e+02,2.800000000000000000e+02
8.880000000000000000e+02,2.800000000000000000e+02
8.870000000000000000e+02,2.810000000000000000e+02
8.860000000000000000e+02,2.810000000000000000e+02
8.850000000000000000e+02,2.820000000000000000e+02
8.850000000000000000e+02,2.840000000000000000e+02
8.870000000000000000e+02,2.860000000000000000e+02
8.870000000000000000e+02,2.870000000000000000e+02
8.890000000000000000e+02,2.890000000000000000e+02
8.890000000000000000e+02,2.900000000000000000e+02
8.920000000000000000e+02,2.930000000000000000e+02
8.930000000000000000e+02,2.930000000000000000e+02
8.970000000000000000e+02,2.970000000000000000e+02
8.980000000000000000e+02,2.970000000000000000e+02
8.990000000000000000e+02,2.980000000000000000e+02
9.020000000000000000e+02,2.980000000000000000e+02
9.030000000000000000e+02,2.990000000000000000e+02
9.040000000000000000e+02,2.990000000000000000e+02
9.060000000000000000e+02,3.010000000000000000e+02
9.070000000000000000e+02,3.010000000000000000e+02
9.090000000000000000e+02,3.030000000000000000e+02
9.090000000000000000e+02,3.040000000000000000e+02
9.100000000000000000e+02,3.050000000000000000e+02
9.110000000000000000e+02,3.050000000000000000e+02
9.150000000000000000e+02,3.090000000000000000e+02
9.150000000000000000e+02,3.100000000000000000e+02
9.160000000000000000e+02,3.110000000000000000e+02
9.170000000000000000e+02,3.110000000000000000e+02
9.180000000000000000e+02,3.120000000000000000e+02
9.190000000000000000e+02,3.120000000000000000e+02
9.200000000000000000e+02,3.130000000000000000e+02
9.210000000000000000e+02,3.130000000000000000e+02
9.250000000000000000e+02,3.170000000000000000e+02
9.260000000000000000e+02,3.170000000000000000e+02
9.290000000000000000e+02,3.200000000000000000e+02
9.300000000000000000e+02,3.200000000000000000e+02
9.350000000000000000e+02,3.250000000000000000e+02
9.350000000000000000e+02,3.260000000000000000e+02
9.360000000000000000e+02,3.270000000000000000e+02
9.360000000000000000e+02,3.420000000000000000e+02
9.370000000000000000e+02,3.430000000000000000e+02
9.370000000000000000e+02,3.440000000000000000e+02
9.360000000000000000e+02,3.450000000000000000e+02
9.360000000000000000e+02,3.610000000000000000e+02
9.380000000000000000e+02,3.630000000000000000e+02
9.440000000000000000e+02,3.630000000000000000e+02
9.450000000000000000e+02,3.620000000000000000e+02
9.460000000000000000e+02,3.620000000000000000e+02
9.470000000000000000e+02,3.610000000000000000e+02
9.480000000000000000e+02,3.610000000000000000e+02
9.490000000000000000e+02,3.600000000000000000e+02
9.500000000000000000e+02,3.600000000000000000e+02
9.520000000000000000e+02,3.580000000000000000e+02
9.530000000000000000e+02,3.580000000000000000e+02
9.540000000000000000e+02,3.570000000000000000e+02
9.550000000000000000e+02,3.570000000000000000e+02
9.570000000000000000e+02,3.550000000000000000e+02
9.580000000000000000e+02,3.550000000000000000e+02
9.600000000000000000e+02,3.530000000000000000e+02
9.620000000000000000e+02,3.530000000000000000e+02
9.630000000000000000e+02,3.520000000000000000e+02
9.640000000000000000e+02,3.520000000000000000e+02
9.670000000000000000e+02,3.490000000000000000e+02
9.680000000000000000e+02,3.490000000000000000e+02
9.810000000000000000e+02,3.360000000000000000e+02
9.810000000000000000e+02,3.350000000000000000e+02
9.860000000000000000e+02,3.300000000000000000e+02
9.860000000000000000e+02,3.290000000000000000e+02
9.890000000000000000e+02,3.260000000000000000e+02
9.890000000000000000e+02,3.250000000000000000e+02
9.900000000000000000e+02,3.240000000000000000e+02
9.900000000000000000e+02,3.230000000000000000e+02
9.910000000000000000e+02,3.220000000000000000e+02
9.910000000000000000e+02,3.210000000000000000e+02
9.920000000000000000e+02,3.200000000000000000e+02
9.920000000000000000e+02,3.180000000000000000e+02
9.930000000000000000e+02,3.170000000000000000e+02
9.930000000000000000e+02,3.160000000000000000e+02
9.960000000000000000e+02,3.130000000000000000e+02
9.960000000000000000e+02,3.120000000000000000e+02
9.970000000000000000e+02,3.110000000000000000e+02
9.970000000000000000e+02,3.100000000000000000e+02
9.980000000000000000e+02,3.090000000000000000e+02
9.980000000000000000e+02,3.070000000000000000e+02
9.990000000000000000e+02,3.060000000000000000e+02
9.990000000000000000e+02,3.020000000000000000e+02
1.000000000000000000e+03,3.010000000000000000e+02
1.000000000000000000e+03,2.980000000000000000e+02
1.001000000000000000e+03,2.970000000000000000e+02
1.001000000000000000e+03,2.960000000000000000e+02
1.002000000000000000e+03,2.950000000000000000e+02
1.002000000000000000e+03,2.930000000000000000e+02
1.003000000000000000e+03,2.920000000000000000e+02
1.003000000000000000e+03,2.890000000000000000e+02
1.004000000000000000e+03,2.880000000000000000e+02
1.004000000000000000e+03,2.840000000000000000e+02
1.006000000000000000e+03,2.820000000000000000e+02
1.006000000000000000e+03,2.810000000000000000e+02
1.007000000000000000e+03,2.800000000000000000e+02
1.007000000000000000e+03,2.770000000000000000e+02
1.008000000000000000e+03,2.760000000000000000e+02
1.008000000000000000e+03,2.620000000000000000e+02
1.007000000000000000e+03,2.610000000000000000e+02
1.007000000000000000e+03,2.600000000000000000e+02
1.006000000000000000e+03,2.590000000000000000e+02
