9.420000000000000000e+02,1.260000000000000000e+02
9.410000000000000000e+02,1.270000000000000000e+02
9.370000000000000000e+02,1.270000000000000000e+02
9.330000000000000000e+02,1.310000000000000000e+02
9.320000000000000000e+02,1.310000000000000000e+02
9.310000000000000000e+02,1.320000000000000000e+02
9.300000000000000000e+02,1.320000000000000000e+02
9.290000000000000000e+02,1.330000000000000000e+02
9.290000000000000000e+02,1.340000000000000000e+02
9.280000000000000000e+02,1.350000000000000000e+02
9.280000000000000000e+02,1.400000000000000000e+02
9.290000000000000000e+02,1.410000000000000000e+02
9.290000000000000000e+02,1.460000000000000000e+02
9.300000000000000000e+02,1.470000000000000000e+02
9.300000000000000000e+02,1.530000000000000000e+02
9.310000000000000000e+02,1.540000000000000000e+02
9.310000000000000000e+02,1.650000000000000000e+02
9.320000000000000000e+02,1.660000000000000000e+02
9.320000000000000000e+02,1.700000000000000000e+02
9.330000000000000000e+02,1.710000000000000000e+02
9.330000000000000000e+02,1.750000000000000000e+02
9.340000000000000000e+02,1.760000000000000000e+02
9.340000000000000000e+02,1.820000000000000000e+02
9.330000000000000000e+02,1.830000000000000000e+02
9.330000000000000000e+02,1.870000000000000000e+02
9.360000000000000000e+02,1.900000000000000000e+02
9.620000000000000000e+02,1.900000000000000000e+02
9.630000000000000000e+02,1.890000000000000000e+02
9.650000000000000000e+02,1.890000000000000000e+02
9.660000000000000000e+02,1.880000000000000000e+02
9.730000000000000000e+02,1.880000000000000000e+02
9.740000000000000000e+02,1.870000000000000000e+02
9.770000000000000000e+02,1.870000000000000000e+02
9.800000000000000000e+02,1.840000000000000000e+02
9.800000000000000000e+02,1.810000000000000000e+02
9.810000000000000000e+02,1.800000000000000000e+02
9.800000000000000000e+02,1.790000000000000000e+02
9.800000000000000000e+02,1.780000000000000000e+02
9.810000000000000000e+02,1.770000000000000000e+02
9.810000000000000000e+02,1.660000000000000000e+02
9.820000000000000000e+02,1.650000000000000000e+02
9.820000000000000000e+02,1.590000000000000000e+02
9.830000000000000000e+02,1.580000000000000000e+02
9.830000000000000000e+02,1.540000000000000000e+02
9.840000000000000000e+02,1.530000000000000000e+02
9.840000000000000000e+02,1.450000000000000000e+02
9.850000000000000000e+02,1.440000000000000000e+02
9.850000000000000000e+02,1.350000000000000000e+02
9.830000000000000000e+02,1.330000000000000000e+02
9.810000000000000000e+02,1.330000000000000000e+02
9.800000000000000000e+02,1.320000000000000000e+02
9.780000000000000000e+02,1.320000000000000000e+02
9.750000000000000000e+02,1.290000000000000000e+02
9.740000000000000000e+02,1.290000000000000000e+02
9.720000000000000000e+02,1.270000000000000000e+02
9.510000000000000000e+02,1.270000000000000000e+02
9.500000000000000000e+02,1.260000000000000000e+02
