1.860000000000000000e+02,3.490000000000000000e+02
1.830000000000000000e+02,3.520000000000000000e+02
1.830000000000000000e+02,3.540000000000000000e+02
1.820000000000000000e+02,3.550000000000000000e+02
1.820000000000000000e+02,3.600000000000000000e+02
1.800000000000000000e+02,3.620000000000000000e+02
1.800000000000000000e+02,3.630000000000000000e+02
1.790000000000000000e+02,3.640000000000000000e+02
1.790000000000000000e+02,3.650000000000000000e+02
1.780000000000000000e+02,3.660000000000000000e+02
1.780000000000000000e+02,3.740000000000000000e+02
1.790000000000000000e+02,3.750000000000000000e+02
1.790000000000000000e+02,3.840000000000000000e+02
1.780000000000000000e+02,3.850000000000000000e+02
1.780000000000000000e+02,3.860000000000000000e+02
1.790000000000000000e+02,3.870000000000000000e+02
1.790000000000000000e+02,3.970000000000000000e+02
1.780000000000000000e+02,3.980000000000000000e+02
1.780000000000000000e+02,4.000000000000000000e+02
1.790000000000000000e+02,4.010000000000000000e+02
1.790000000000000000e+02,4.040000000000000000e+02
1.810000000000000000e+02,4.060000000000000000e+02
1.900000000000000000e+02,4.060000000000000000e+02
1.950000000000000000e+02,4.010000000000000000e+02
1.950000000000000000e+02,3.970000000000000000e+02
1.960000000000000000e+02,3.960000000000000000e+02
1.960000000000000000e+02,3.950000000000000000e+02
1.950000000000000000e+02,3.940000000000000000e+02
1.950000000000000000e+02,3.720000000000000000e+02
1.960000000000000000e+02,3.710000000000000000e+02
1.960000000000000000e+02,3.670000000000000000e+02
1.950000000000000000e+02,3.660000000000000000e+02
1.950000000000000000e+02,3.640000000000000000e+02
1.900000000000000000e+02,3.590000000000000000e+02
1.900000000000000000e+02,3.580000000000000000e+02
1.890000000000000000e+02,3.570000000000000000e+02
1.890000000000000000e+02,3.540000000000000000e+02
1.880000000000000000e+02,3.530000000000000000e+02
1.880000000000000000e+02,3.510000000000000000e+02
