1.570000000000000000e+02,3.600000000000000000e+02
1.560000000000000000e+02,3.610000000000000000e+02
1.520000000000000000e+02,3.610000000000000000e+02
1.510000000000000000e+02,3.620000000000000000e+02
1.490000000000000000e+02,3.620000000000000000e+02
1.480000000000000000e+02,3.630000000000000000e+02
1.480000000000000000e+02,3.640000000000000000e+02
1.470000000000000000e+02,3.650000000000000000e+02
1.470000000000000000e+02,3.670000000000000000e+02
1.480000000000000000e+02,3.680000000000000000e+02
1.560000000000000000e+02,3.680000000000000000e+02
1.570000000000000000e+02,3.670000000000000000e+02
1.580000000000000000e+02,3.670000000000000000e+02
1.590000000000000000e+02,3.680000000000000000e+02
1.600000000000000000e+02,3.680000000000000000e+02
1.610000000000000000e+02,3.670000000000000000e+02
1.640000000000000000e+02,3.670000000000000000e+02
1.650000000000000000e+02,3.660000000000000000e+02
1.660000000000000000e+02,3.660000000000000000e+02
1.670000000000000000e+02,3.650000000000000000e+02
1.670000000000000000e+02,3.630000000000000000e+02
1.660000000000000000e+02,3.620000000000000000e+02
1.660000000000000000e+02,3.610000000000000000e+02
1.650000000000000000e+02,3.600000000000000000e+02
