1.820000000000000000e+02,3.840000000000000000e+02
1.810000000000000000e+02,3.850000000000000000e+02
1.770000000000000000e+02,3.850000000000000000e+02
1.750000000000000000e+02,3.870000000000000000e+02
1.750000000000000000e+02,3.880000000000000000e+02
1.740000000000000000e+02,3.890000000000000000e+02
1.740000000000000000e+02,3.910000000000000000e+02
1.730000000000000000e+02,3.920000000000000000e+02
1.730000000000000000e+02,3.930000000000000000e+02
1.710000000000000000e+02,3.950000000000000000e+02
1.710000000000000000e+02,3.960000000000000000e+02
1.700000000000000000e+02,3.970000000000000000e+02
1.700000000000000000e+02,4.080000000000000000e+02
1.710000000000000000e+02,4.090000000000000000e+02
1.710000000000000000e+02,4.120000000000000000e+02
1.720000000000000000e+02,4.130000000000000000e+02
1.720000000000000000e+02,4.200000000000000000e+02
1.730000000000000000e+02,4.210000000000000000e+02
1.730000000000000000e+02,4.220000000000000000e+02
1.750000000000000000e+02,4.240000000000000000e+02
1.860000000000000000e+02,4.240000000000000000e+02
1.880000000000000000e+02,4.220000000000000000e+02
1.880000000000000000e+02,4.180000000000000000e+02
1.890000000000000000e+02,4.170000000000000000e+02
1.890000000000000000e+02,4.140000000000000000e+02
1.900000000000000000e+02,4.130000000000000000e+02
1.900000000000000000e+02,4.090000000000000000e+02
1.910000000000000000e+02,4.080000000000000000e+02
1.910000000000000000e+02,3.980000000000000000e+02
1.900000000000000000e+02,3.970000000000000000e+02
1.900000000000000000e+02,3.960000000000000000e+02
1.890000000000000000e+02,3.950000000000000000e+02
1.890000000000000000e+02,3.940000000000000000e+02
1.860000000000000000e+02,3.910000000000000000e+02
1.860000000000000000e+02,3.870000000000000000e+02
1.870000000000000000e+02,3.860000000000000000e+02
1.870000000000000000e+02,3.850000000000000000e+02
1.860000000000000000e+02,3.840000000000000000e+02
