2.110000000000000000e+02,3.800000000000000000e+02
2.100000000000000000e+02,3.810000000000000000e+02
2.100000000000000000e+02,3.830000000000000000e+02
2.090000000000000000e+02,3.840000000000000000e+02
2.100000000000000000e+02,3.850000000000000000e+02
2.100000000000000000e+02,3.860000000000000000e+02
2.090000000000000000e+02,3.870000000000000000e+02
2.090000000000000000e+02,4.050000000000000000e+02
2.080000000000000000e+02,4.060000000000000000e+02
2.090000000000000000e+02,4.070000000000000000e+02
2.090000000000000000e+02,4.130000000000000000e+02
2.080000000000000000e+02,4.140000000000000000e+02
2.090000000000000000e+02,4.150000000000000000e+02
2.090000000000000000e+02,4.220000000000000000e+02
2.110000000000000000e+02,4.240000000000000000e+02
2.110000000000000000e+02,4.250000000000000000e+02
2.120000000000000000e+02,4.260000000000000000e+02
2.180000000000000000e+02,4.260000000000000000e+02
2.210000000000000000e+02,4.230000000000000000e+02
2.210000000000000000e+02,4.210000000000000000e+02
2.220000000000000000e+02,4.200000000000000000e+02
2.220000000000000000e+02,4.130000000000000000e+02
2.210000000000000000e+02,4.120000000000000000e+02
2.210000000000000000e+02,3.910000000000000000e+02
2.200000000000000000e+02,3.900000000000000000e+02
2.200000000000000000e+02,3.840000000000000000e+02
2.190000000000000000e+02,3.830000000000000000e+02
2.190000000000000000e+02,3.810000000000000000e+02
2.180000000000000000e+02,3.800000000000000000e+02
