1.009000000000000000e+03,3.040000000000000000e+02
1.007000000000000000e+03,3.060000000000000000e+02
1.006000000000000000e+03,3.060000000000000000e+02
9.980000000000000000e+02,3.140000000000000000e+02
9.980000000000000000e+02,3.150000000000000000e+02
9.960000000000000000e+02,3.170000000000000000e+02
9.960000000000000000e+02,3.180000000000000000e+02
9.950000000000000000e+02,3.190000000000000000e+02
9.950000000000000000e+02,3.270000000000000000e+02
9.940000000000000000e+02,3.280000000000000000e+02
9.940000000000000000e+02,3.300000000000000000e+02
9.950000000000000000e+02,3.310000000000000000e+02
9.980000000000000000e+02,3.310000000000000000e+02
9.990000000000000000e+02,3.320000000000000000e+02
1.002000000000000000e+03,3.320000000000000000e+02
1.003000000000000000e+03,3.330000000000000000e+02
1.005000000000000000e+03,3.330000000000000000e+02
1.006000000000000000e+03,3.340000000000000000e+02
1.008000000000000000e+03,3.340000000000000000e+02
1.009000000000000000e+03,3.350000000000000000e+02
1.010000000000000000e+03,3.350000000000000000e+02
1.012000000000000000e+03,3.370000000000000000e+02
1.013000000000000000e+03,3.370000000000000000e+02
1.015000000000000000e+03,3.390000000000000000e+02
1.015000000000000000e+03,3.400000000000000000e+02
1.018000000000000000e+03,3.430000000000000000e+02
1.018000000000000000e+03,3.440000000000000000e+02
1.020000000000000000e+03,3.460000000000000000e+02
1.020000000000000000e+03,3.470000000000000000e+02
1.022000000000000000e+03,3.490000000000000000e+02
1.022000000000000000e+03,3.500000000000000000e+02
1.026000000000000000e+03,3.540000000000000000e+02
1.027000000000000000e+03,3.540000000000000000e+02
1.030000000000000000e+03,3.570000000000000000e+02
1.031000000000000000e+03,3.570000000000000000e+02
1.034000000000000000e+03,3.600000000000000000e+02
1.034000000000000000e+03,3.610000000000000000e+02
1.037000000000000000e+03,3.640000000000000000e+02
1.037000000000000000e+03,3.650000000000000000e+02
1.039000000000000000e+03,3.670000000000000000e+02
1.039000000000000000e+03,3.680000000000000000e+02
1.042000000000000000e+03,3.710000000000000000e+02
1.042000000000000000e+03,3.720000000000000000e+02
1.046000000000000000e+03,3.760000000000000000e+02
1.046000000000000000e+03,3.770000000000000000e+02
1.049000000000000000e+03,3.800000000000000000e+02
1.050000000000000000e+03,3.800000000000000000e+02
1.051000000000000000e+03,3.810000000000000000e+02
1.052000000000000000e+03,3.810000000000000000e+02
1.054000000000000000e+03,3.830000000000000000e+02
1.055000000000000000e+03,3.830000000000000000e+02
1.064000000000000000e+03,3.920000000000000000e+02
1.064000000000000000e+03,3.930000000000000000e+02
1.061000000000000000e+03,3.960000000000000000e+02
1.061000000000000000e+03,3.970000000000000000e+02
1.060000000000000000e+03,3.980000000000000000e+02
1.060000000000000000e+03,3.990000000000000000e+02
1.059000000000000000e+03,4.000000000000000000e+02
1.059000000000000000e+03,4.010000000000000000e+02
1.058000000000000000e+03,4.020000000000000000e+02
1.058000000000000000e+03,4.030000000000000000e+02
1.057000000000000000e+03,4.040000000000000000e+02
1.057000000000000000e+03,4.060000000000000000e+02
1.056000000000000000e+03,4.070000000000000000e+02
1.056000000000000000e+03,4.100000000000000000e+02
1.055000000000000000e+03,4.110000000000000000e+02
1.055000000000000000e+03,4.130000000000000000e+02
1.051000000000000000e+03,4.170000000000000000e+02
1.050000000000000000e+03,4.170000000000000000e+02
1.048000000000000000e+03,4.190000000000000000e+02
1.047000000000000000e+03,4.190000000000000000e+02
1.046000000000000000e+03,4.200000000000000000e+02
1.045000000000000000e+03,4.200000000000000000e+02
1.044000000000000000e+03,4.210000000000000000e+02
1.043000000000000000e+03,4.210000000000000000e+02
1.037000000000000000e+03,4.270000000000000000e+02
1.037000000000000000e+03,4.280000000000000000e+02
1.035000000000000000e+03,4.300000000000000000e+02
1.035000000000000000e+03,4.310000000000000000e+02
1.033000000000000000e+03,4.330000000000000000e+02
1.033000000000000000e+03,4.340000000000000000e+02
1.029000000000000000e+03,4.380000000000000000e+02
1.028000000000000000e+03,4.380000000000000000e+02
1.027000000000000000e+03,4.390000000000000000e+02
1.026000000000000000e+03,4.390000000000000000e+02
1.025000000000000000e+03,4.400000000000000000e+02
1.024000000000000000e+03,4.400000000000000000e+02
1.022000000000000000e+03,4.420000000000000000e+02
1.021000000000000000e+03,4.420000000000000000e+02
1.018000000000000000e+03,4.450000000000000000e+02
1.018000000000000000e+03,4.480000000000000000e+02
1.019000000000000000e+03,4.490000000000000000e+02
1.019000000000000000e+03,4.530000000000000000e+02
1.020000000000000000e+03,4.540000000000000000e+02
1.020000000000000000e+03,4.630000000000000000e+02
1.021000000000000000e+03,4.640000000000000000e+02
1.021000000000000000e+03,4.680000000000000000e+02
1.020000000000000000e+03,4.690000000000000000e+02
1.020000000000000000e+03,4.720000000000000000e+02
1.019000000000000000e+03,4.730000000000000000e+02
1.019000000000000000e+03,4.760000000000000000e+02
1.018000000000000000e+03,4.770000000000000000e+02
1.017000000000000000e+03,4.770000000000000000e+02
1.016000000000000000e+03,4.780000000000000000e+02
1.014000000000000000e+03,4.780000000000000000e+02
1.013000000000000000e+03,4.790000000000000000e+02
1.011000000000000000e+03,4.790000000000000000e+02
1.010000000000000000e+03,4.800000000000000000e+02
1.008000000000000000e+03,4.800000000000000000e+02
1.007000000000000000e+03,4.810000000000000000e+02
1.006000000000000000e+03,4.810000000000000000e+02
1.004000000000000000e+03,4.830000000000000000e+02
1.003000000000000000e+03,4.830000000000000000e+02
9.980000000000000000e+02,4.880000000000000000e+02
9.980000000000000000e+02,4.890000000000000000e+02
9.930000000000000000e+02,4.940000000000000000e+02
9.920000000000000000e+02,4.940000000000000000e+02
9.900000000000000000e+02,4.960000000000000000e+02
9.890000000000000000e+02,4.960000000000000000e+02
9.820000000000000000e+02,5.030000000000000000e+02
9.820000000000000000e+02,5.040000000000000000e+02
9.800000000000000000e+02,5.060000000000000000e+02
9.800000000000000000e+02,5.070000000000000000e+02
9.780000000000000000e+02,5.090000000000000000e+02
9.780000000000000000e+02,5.100000000000000000e+02
9.760000000000000000e+02,5.120000000000000000e+02
9.750000000000000000e+02,5.120000000000000000e+02
9.730000000000000000e+02,5.140000000000000000e+02
9.720000000000000000e+02,5.140000000000000000e+02
9.710000000000000000e+02,5.150000000000000000e+02
9.700000000000000000e+02,5.150000000000000000e+02
9.690000000000000000e+02,5.160000000000000000e+02
9.680000000000000000e+02,5.160000000000000000e+02
9.670000000000000000e+02,5.170000000000000000e+02
9.650000000000000000e+02,5.170000000000000000e+02
9.640000000000000000e+02,5.180000000000000000e+02
9.630000000000000000e+02,5.180000000000000000e+02
9.610000000000000000e+02,5.200000000000000000e+02
9.610000000000000000e+02,5.210000000000000000e+02
9.510000000000000000e+02,5.310000000000000000e+02
9.500000000000000000e+02,5.310000000000000000e+02
9.490000000000000000e+02,5.320000000000000000e+02
9.480000000000000000e+02,5.320000000000000000e+02
9.460000000000000000e+02,5.340000000000000000e+02
9.450000000000000000e+02,5.340000000000000000e+02
9.410000000000000000e+02,5.380000000000000000e+02
9.400000000000000000e+02,5.380000000000000000e+02
9.380000000000000000e+02,5.400000000000000000e+02
9.410000000000000000e+02,5.430000000000000000e+02
9.420000000000000000e+02,5.430000000000000000e+02
9.450000000000000000e+02,5.460000000000000000e+02
9.460000000000000000e+02,5.460000000000000000e+02
9.470000000000000000e+02,5.470000000000000000e+02
9.480000000000000000e+02,5.470000000000000000e+02
9.490000000000000000e+02,5.480000000000000000e+02
9.520000000000000000e+02,5.480000000000000000e+02
9.530000000000000000e+02,5.470000000000000000e+02
9.570000000000000000e+02,5.470000000000000000e+02
9.580000000000000000e+02,5.460000000000000000e+02
9.650000000000000000e+02,5.460000000000000000e+02
9.660000000000000000e+02,5.450000000000000000e+02
9.720000000000000000e+02,5.450000000000000000e+02
9.730000000000000000e+02,5.440000000000000000e+02
9.750000000000000000e+02,5.440000000000000000e+02
9.760000000000000000e+02,5.430000000000000000e+02
9.770000000000000000e+02,5.430000000000000000e+02
9.780000000000000000e+02,5.420000000000000000e+02
9.790000000000000000e+02,5.420000000000000000e+02
9.820000000000000000e+02,5.390000000000000000e+02
9.830000000000000000e+02,5.390000000000000000e+02
9.850000000000000000e+02,5.370000000000000000e+02
9.860000000000000000e+02,5.370000000000000000e+02
9.870000000000000000e+02,5.360000000000000000e+02
9.880000000000000000e+02,5.360000000000000000e+02
9.890000000000000000e+02,5.350000000000000000e+02
9.900000000000000000e+02,5.350000000000000000e+02
9.910000000000000000e+02,5.340000000000000000e+02
9.920000000000000000e+02,5.340000000000000000e+02
9.930000000000000000e+02,5.330000000000000000e+02
9.940000000000000000e+02,5.330000000000000000e+02
9.990000000000000000e+02,5.280000000000000000e+02
1.000000000000000000e+03,5.280000000000000000e+02
1.004000000000000000e+03,5.240000000000000000e+02
1.005000000000000000e+03,5.240000000000000000e+02
1.008000000000000000e+03,5.210000000000000000e+02
1.009000000000000000e+03,5.210000000000000000e+02
1.010000000000000000e+03,5.200000000000000000e+02
1.011000000000000000e+03,5.200000000000000000e+02
1.013000000000000000e+03,5.180000000000000000e+02
1.014000000000000000e+03,5.180000000000000000e+02
1.015000000000000000e+03,5.170000000000000000e+02
1.016000000000000000e+03,5.170000000000000000e+02
1.017000000000000000e+03,5.160000000000000000e+02
1.019000000000000000e+03,5.160000000000000000e+02
1.020000000000000000e+03,5.150000000000000000e+02
1.021000000000000000e+03,5.150000000000000000e+02
1.022000000000000000e+03,5.140000000000000000e+02
1.024000000000000000e+03,5.140000000000000000e+02
1.025000000000000000e+03,5.130000000000000000e+02
1.027000000000000000e+03,5.130000000000000000e+02
1.028000000000000000e+03,5.120000000000000000e+02
1.030000000000000000e+03,5.120000000000000000e+02
1.031000000000000000e+03,5.110000000000000000e+02
1.032000000000000000e+03,5.110000000000000000e+02
1.033000000000000000e+03,5.100000000000000000e+02
1.034000000000000000e+03,5.100000000000000000e+02
1.035000000000000000e+03,5.090000000000000000e+02
1.036000000000000000e+03,5.090000000000000000e+02
1.037000000000000000e+03,5.080000000000000000e+02
1.038000000000000000e+03,5.080000000000000000e+02
1.040000000000000000e+03,5.060000000000000000e+02
1.042000000000000000e+03,5.060000000000000000e+02
1.043000000000000000e+03,5.050000000000000000e+02
1.044000000000000000e+03,5.050000000000000000e+02
1.045000000000000000e+03,5.040000000000000000e+02
1.046000000000000000e+03,5.040000000000000000e+02
1.047000000000000000e+03,5.030000000000000000e+02
1.049000000000000000e+03,5.030000000000000000e+02
1.050000000000000000e+03,5.020000000000000000e+02
1.052000000000000000e+03,5.020000000000000000e+02
1.053000000000000000e+03,5.010000000000000000e+02
1.054000000000000000e+03,5.010000000000000000e+02
1.057000000000000000e+03,4.980000000000000000e+02
1.058000000000000000e+03,4.980000000000000000e+02
1.061000000000000000e+03,4.950000000000000000e+02
1.062000000000000000e+03,4.950000000000000000e+02
1.064000000000000000e+03,4.930000000000000000e+02
1.065000000000000000e+03,4.930000000000000000e+02
1.067000000000000000e+03,4.910000000000000000e+02
1.068000000000000000e+03,4.910000000000000000e+02
1.069000000000000000e+03,4.900000000000000000e+02
1.070000000000000000e+03,4.900000000000000000e+02
1.071000000000000000e+03,4.890000000000000000e+02
1.072000000000000000e+03,4.890000000000000000e+02
1.074000000000000000e+03,4.870000000000000000e+02
1.074000000000000000e+03,4.860000000000000000e+02
1.076000000000000000e+03,4.840000000000000000e+02
1.076000000000000000e+03,4.830000000000000000e+02
1.077000000000000000e+03,4.820000000000000000e+02
1.077000000000000000e+03,4.810000000000000000e+02
1.078000000000000000e+03,4.800000000000000000e+02
1.078000000000000000e+03,4.790000000000000000e+02
1.079000000000000000e+03,4.780000000000000000e+02
1.079000000000000000e+03,4.770000000000000000e+02
1.085000000000000000e+03,4.710000000000000000e+02
1.086000000000000000e+03,4.710000000000000000e+02
1.088000000000000000e+03,4.690000000000000000e+02
1.089000000000000000e+03,4.690000000000000000e+02
1.091000000000000000e+03,4.670000000000000000e+02
1.092000000000000000e+03,4.670000000000000000e+02
1.098000000000000000e+03,4.610000000000000000e+02
1.098000000000000000e+03,4.600000000000000000e+02
1.100000000000000000e+03,4.580000000000000000e+02
1.100000000000000000e+03,4.570000000000000000e+02
1.101000000000000000e+03,4.560000000000000000e+02
1.101000000000000000e+03,4.550000000000000000e+02
1.104000000000000000e+03,4.520000000000000000e+02
1.105000000000000000e+03,4.520000000000000000e+02
1.107000000000000000e+03,4.500000000000000000e+02
1.108000000000000000e+03,4.500000000000000000e+02
1.109000000000000000e+03,4.490000000000000000e+02
1.110000000000000000e+03,4.490000000000000000e+02
1.112000000000000000e+03,4.470000000000000000e+02
1.113000000000000000e+03,4.470000000000000000e+02
1.117000000000000000e+03,4.430000000000000000e+02
1.117000000000000000e+03,4.420000000000000000e+02
1.120000000000000000e+03,4.390000000000000000e+02
1.120000000000000000e+03,4.380000000000000000e+02
1.122000000000000000e+03,4.360000000000000000e+02
1.122000000000000000e+03,4.350000000000000000e+02
1.125000000000000000e+03,4.320000000000000000e+02
1.126000000000000000e+03,4.320000000000000000e+02
1.128000000000000000e+03,4.300000000000000000e+02
1.129000000000000000e+03,4.300000000000000000e+02
1.130000000000000000e+03,4.290000000000000000e+02
1.131000000000000000e+03,4.290000000000000000e+02
1.132000000000000000e+03,4.280000000000000000e+02
1.133000000000000000e+03,4.280000000000000000e+02
1.139000000000000000e+03,4.220000000000000000e+02
1.140000000000000000e+03,4.220000000000000000e+02
1.143000000000000000e+03,4.190000000000000000e+02
1.144000000000000000e+03,4.190000000000000000e+02
1.145000000000000000e+03,4.180000000000000000e+02
1.146000000000000000e+03,4.180000000000000000e+02
1.147000000000000000e+03,4.170000000000000000e+02
1.148000000000000000e+03,4.170000000000000000e+02
1.149000000000000000e+03,4.160000000000000000e+02
1.150000000000000000e+03,4.160000000000000000e+02
1.153000000000000000e+03,4.130000000000000000e+02
1.154000000000000000e+03,4.130000000000000000e+02
1.156000000000000000e+03,4.110000000000000000e+02
1.157000000000000000e+03,4.110000000000000000e+02
1.159000000000000000e+03,4.090000000000000000e+02
1.160000000000000000e+03,4.090000000000000000e+02
1.162000000000000000e+03,4.070000000000000000e+02
1.163000000000000000e+03,4.070000000000000000e+02
1.164000000000000000e+03,4.060000000000000000e+02
1.165000000000000000e+03,4.060000000000000000e+02
1.166000000000000000e+03,4.050000000000000000e+02
1.167000000000000000e+03,4.050000000000000000e+02
1.170000000000000000e+03,4.020000000000000000e+02
1.171000000000000000e+03,4.020000000000000000e+02
1.173000000000000000e+03,4.000000000000000000e+02
1.174000000000000000e+03,4.000000000000000000e+02
1.176000000000000000e+03,3.980000000000000000e+02
1.177000000000000000e+03,3.980000000000000000e+02
1.179000000000000000e+03,3.960000000000000000e+02
1.180000000000000000e+03,3.960000000000000000e+02
1.181000000000000000e+03,3.950000000000000000e+02
1.182000000000000000e+03,3.950000000000000000e+02
1.184000000000000000e+03,3.930000000000000000e+02
1.185000000000000000e+03,3.930000000000000000e+02
1.187000000000000000e+03,3.910000000000000000e+02
1.188000000000000000e+03,3.910000000000000000e+02
1.191000000000000000e+03,3.880000000000000000e+02
1.191000000000000000e+03,3.870000000000000000e+02
1.193000000000000000e+03,3.850000000000000000e+02
1.193000000000000000e+03,3.840000000000000000e+02
1.194000000000000000e+03,3.830000000000000000e+02
1.194000000000000000e+03,3.680000000000000000e+02
1.193000000000000000e+03,3.670000000000000000e+02
1.193000000000000000e+03,3.640000000000000000e+02
1.192000000000000000e+03,3.630000000000000000e+02
1.192000000000000000e+03,3.620000000000000000e+02
1.188000000000000000e+03,3.580000000000000000e+02
1.187000000000000000e+03,3.580000000000000000e+02
1.186000000000000000e+03,3.570000000000000000e+02
1.185000000000000000e+03,3.570000000000000000e+02
1.184000000000000000e+03,3.560000000000000000e+02
1.183000000000000000e+03,3.560000000000000000e+02
1.182000000000000000e+03,3.550000000000000000e+02
1.181000000000000000e+03,3.550000000000000000e+02
1.179000000000000000e+03,3.530000000000000000e+02
1.178000000000000000e+03,3.530000000000000000e+02
1.174000000000000000e+03,3.490000000000000000e+02
1.173000000000000000e+03,3.490000000000000000e+02
1.172000000000000000e+03,3.480000000000000000e+02
1.171000000000000000e+03,3.480000000000000000e+02
1.170000000000000000e+03,3.470000000000000000e+02
1.169000000000000000e+03,3.470000000000000000e+02
1.168000000000000000e+03,3.460000000000000000e+02
1.166000000000000000e+03,3.460000000000000000e+02
1.165000000000000000e+03,3.450000000000000000e+02
1.163000000000000000e+03,3.450000000000000000e+02
1.162000000000000000e+03,3.440000000000000000e+02
1.160000000000000000e+03,3.440000000000000000e+02
1.159000000000000000e+03,3.430000000000000000e+02
1.157000000000000000e+03,3.430000000000000000e+02
1.156000000000000000e+03,3.420000000000000000e+02
1.154000000000000000e+03,3.420000000000000000e+02
1.153000000000000000e+03,3.410000000000000000e+02
1.152000000000000000e+03,3.410000000000000000e+02
1.151000000000000000e+03,3.400000000000000000e+02
1.150000000000000000e+03,3.400000000000000000e+02
1.149000000000000000e+03,3.390000000000000000e+02
1.148000000000000000e+03,3.390000000000000000e+02
1.147000000000000000e+03,3.380000000000000000e+02
1.145000000000000000e+03,3.380000000000000000e+02
1.144000000000000000e+03,3.370000000000000000e+02
1.143000000000000000e+03,3.370000000000000000e+02
1.142000000000000000e+03,3.360000000000000000e+02
1.140000000000000000e+03,3.360000000000000000e+02
1.139000000000000000e+03,3.350000000000000000e+02
1.138000000000000000e+03,3.350000000000000000e+02
1.137000000000000000e+03,3.340000000000000000e+02
1.136000000000000000e+03,3.340000000000000000e+02
1.135000000000000000e+03,3.330000000000000000e+02
1.134000000000000000e+03,3.330000000000000000e+02
1.132000000000000000e+03,3.310000000000000000e+02
1.131000000000000000e+03,3.310000000000000000e+02
1.129000000000000000e+03,3.290000000000000000e+02
1.128000000000000000e+03,3.290000000000000000e+02
1.125000000000000000e+03,3.260000000000000000e+02
1.124000000000000000e+03,3.260000000000000000e+02
1.119000000000000000e+03,3.210000000000000000e+02
1.119000000000000000e+03,3.200000000000000000e+02
1.118000000000000000e+03,3.190000000000000000e+02
1.117000000000000000e+03,3.190000000000000000e+02
1.115000000000000000e+03,3.170000000000000000e+02
1.114000000000000000e+03,3.170000000000000000e+02
1.113000000000000000e+03,3.160000000000000000e+02
1.111000000000000000e+03,3.160000000000000000e+02
1.110000000000000000e+03,3.150000000000000000e+02
1.108000000000000000e+03,3.150000000000000000e+02
1.107000000000000000e+03,3.140000000000000000e+02
1.100000000000000000e+03,3.140000000000000000e+02
1.099000000000000000e+03,3.130000000000000000e+02
1.093000000000000000e+03,3.130000000000000000e+02
1.092000000000000000e+03,3.120000000000000000e+02
1.088000000000000000e+03,3.120000000000000000e+02
1.087000000000000000e+03,3.110000000000000000e+02
1.084000000000000000e+03,3.110000000000000000e+02
1.083000000000000000e+03,3.100000000000000000e+02
1.081000000000000000e+03,3.100000000000000000e+02
1.080000000000000000e+03,3.090000000000000000e+02
1.079000000000000000e+03,3.090000000000000000e+02
1.078000000000000000e+03,3.080000000000000000e+02
1.074000000000000000e+03,3.080000000000000000e+02
1.073000000000000000e+03,3.070000000000000000e+02
1.070000000000000000e+03,3.070000000000000000e+02
1.069000000000000000e+03,3.060000000000000000e+02
1.057000000000000000e+03,3.060000000000000000e+02
1.056000000000000000e+03,3.050000000000000000e+02
1.041000000000000000e+03,3.050000000000000000e+02
1.040000000000000000e+03,3.060000000000000000e+02
1.036000000000000000e+03,3.060000000000000000e+02
1.035000000000000000e+03,3.070000000000000000e+02
1.032000000000000000e+03,3.070000000000000000e+02
1.031000000000000000e+03,3.080000000000000000e+02
1.030000000000000000e+03,3.080000000000000000e+02
1.029000000000000000e+03,3.090000000000000000e+02
1.026000000000000000e+03,3.090000000000000000e+02
1.025000000000000000e+03,3.080000000000000000e+02
1.021000000000000000e+03,3.080000000000000000e+02
1.020000000000000000e+03,3.070000000000000000e+02
1.017000000000000000e+03,3.070000000000000000e+02
1.016000000000000000e+03,3.060000000000000000e+02
1.013000000000000000e+03,3.060000000000000000e+02
1.012000000000000000e+03,3.050000000000000000e+02
1.010000000000000000e+03,3.050000000000000000e+02
