2.420000000000000000e+02,2.820000000000000000e+02
2.410000000000000000e+02,2.830000000000000000e+02
2.400000000000000000e+02,2.830000000000000000e+02
2.370000000000000000e+02,2.860000000000000000e+02
2.370000000000000000e+02,3.050000000000000000e+02
2.360000000000000000e+02,3.060000000000000000e+02
2.360000000000000000e+02,3.290000000000000000e+02
2.350000000000000000e+02,3.300000000000000000e+02
2.350000000000000000e+02,3.340000000000000000e+02
2.360000000000000000e+02,3.350000000000000000e+02
2.390000000000000000e+02,3.350000000000000000e+02
2.400000000000000000e+02,3.360000000000000000e+02
2.540000000000000000e+02,3.360000000000000000e+02
2.550000000000000000e+02,3.350000000000000000e+02
2.580000000000000000e+02,3.350000000000000000e+02
2.610000000000000000e+02,3.320000000000000000e+02
2.610000000000000000e+02,3.260000000000000000e+02
2.600000000000000000e+02,3.250000000000000000e+02
2.600000000000000000e+02,3.230000000000000000e+02
2.590000000000000000e+02,3.220000000000000000e+02
2.590000000000000000e+02,3.180000000000000000e+02
2.580000000000000000e+02,3.170000000000000000e+02
2.580000000000000000e+02,3.010000000000000000e+02
2.570000000000000000e+02,3.000000000000000000e+02
2.570000000000000000e+02,2.870000000000000000e+02
2.560000000000000000e+02,2.860000000000000000e+02
2.560000000000000000e+02,2.830000000000000000e+02
2.550000000000000000e+02,2.820000000000000000e+02
