2.450000000000000000e+02,2.940000000000000000e+02
2.440000000000000000e+02,2.950000000000000000e+02
2.430000000000000000e+02,2.950000000000000000e+02
2.400000000000000000e+02,2.980000000000000000e+02
2.400000000000000000e+02,3.020000000000000000e+02
2.410000000000000000e+02,3.030000000000000000e+02
2.410000000000000000e+02,3.370000000000000000e+02
2.450000000000000000e+02,3.410000000000000000e+02
2.550000000000000000e+02,3.410000000000000000e+02
2.560000000000000000e+02,3.400000000000000000e+02
2.570000000000000000e+02,3.400000000000000000e+02
2.580000000000000000e+02,3.390000000000000000e+02
2.590000000000000000e+02,3.390000000000000000e+02
2.620000000000000000e+02,3.360000000000000000e+02
2.620000000000000000e+02,3.280000000000000000e+02
2.610000000000000000e+02,3.270000000000000000e+02
2.610000000000000000e+02,3.180000000000000000e+02
2.600000000000000000e+02,3.170000000000000000e+02
2.600000000000000000e+02,3.070000000000000000e+02
2.590000000000000000e+02,3.060000000000000000e+02
2.590000000000000000e+02,2.950000000000000000e+02
2.580000000000000000e+02,2.940000000000000000e+02
