2.590000000000000000e+02,3.140000000000000000e+02
2.580000000000000000e+02,3.150000000000000000e+02
2.550000000000000000e+02,3.150000000000000000e+02
2.520000000000000000e+02,3.180000000000000000e+02
2.520000000000000000e+02,3.420000000000000000e+02
2.530000000000000000e+02,3.430000000000000000e+02
2.530000000000000000e+02,3.480000000000000000e+02
2.540000000000000000e+02,3.490000000000000000e+02
2.540000000000000000e+02,3.500000000000000000e+02
2.550000000000000000e+02,3.510000000000000000e+02
2.560000000000000000e+02,3.510000000000000000e+02
2.570000000000000000e+02,3.520000000000000000e+02
2.590000000000000000e+02,3.520000000000000000e+02
2.600000000000000000e+02,3.530000000000000000e+02
2.610000000000000000e+02,3.520000000000000000e+02
2.620000000000000000e+02,3.520000000000000000e+02
2.630000000000000000e+02,3.530000000000000000e+02
2.640000000000000000e+02,3.520000000000000000e+02
2.660000000000000000e+02,3.520000000000000000e+02
2.680000000000000000e+02,3.500000000000000000e+02
2.680000000000000000e+02,3.470000000000000000e+02
2.690000000000000000e+02,3.460000000000000000e+02
2.690000000000000000e+02,3.440000000000000000e+02
2.700000000000000000e+02,3.430000000000000000e+02
2.700000000000000000e+02,3.420000000000000000e+02
2.720000000000000000e+02,3.400000000000000000e+02
2.720000000000000000e+02,3.180000000000000000e+02
2.710000000000000000e+02,3.170000000000000000e+02
2.710000000000000000e+02,3.160000000000000000e+02
2.690000000000000000e+02,3.140000000000000000e+02
