6.020000000000000000e+02,3.090000000000000000e+02
6.000000000000000000e+02,3.110000000000000000e+02
6.000000000000000000e+02,3.120000000000000000e+02
5.990000000000000000e+02,3.130000000000000000e+02
5.990000000000000000e+02,3.150000000000000000e+02
5.980000000000000000e+02,3.160000000000000000e+02
5.980000000000000000e+02,3.280000000000000000e+02
5.990000000000000000e+02,3.290000000000000000e+02
5.990000000000000000e+02,3.360000000000000000e+02
6.000000000000000000e+02,3.370000000000000000e+02
6.000000000000000000e+02,3.410000000000000000e+02
6.010000000000000000e+02,3.420000000000000000e+02
6.010000000000000000e+02,3.450000000000000000e+02
6.020000000000000000e+02,3.460000000000000000e+02
6.020000000000000000e+02,3.470000000000000000e+02
6.030000000000000000e+02,3.480000000000000000e+02
6.030000000000000000e+02,3.490000000000000000e+02
6.040000000000000000e+02,3.500000000000000000e+02
6.040000000000000000e+02,3.520000000000000000e+02
6.050000000000000000e+02,3.530000000000000000e+02
6.050000000000000000e+02,3.550000000000000000e+02
6.110000000000000000e+02,3.610000000000000000e+02
6.120000000000000000e+02,3.610000000000000000e+02
6.130000000000000000e+02,3.620000000000000000e+02
6.180000000000000000e+02,3.620000000000000000e+02
6.190000000000000000e+02,3.610000000000000000e+02
6.290000000000000000e+02,3.610000000000000000e+02
6.300000000000000000e+02,3.600000000000000000e+02
6.350000000000000000e+02,3.600000000000000000e+02
6.360000000000000000e+02,3.590000000000000000e+02
6.370000000000000000e+02,3.590000000000000000e+02
6.380000000000000000e+02,3.580000000000000000e+02
6.380000000000000000e+02,3.530000000000000000e+02
6.370000000000000000e+02,3.520000000000000000e+02
6.370000000000000000e+02,3.500000000000000000e+02
6.360000000000000000e+02,3.490000000000000000e+02
6.360000000000000000e+02,3.470000000000000000e+02
6.350000000000000000e+02,3.460000000000000000e+02
6.350000000000000000e+02,3.440000000000000000e+02
6.340000000000000000e+02,3.430000000000000000e+02
6.340000000000000000e+02,3.410000000000000000e+02
6.330000000000000000e+02,3.400000000000000000e+02
6.330000000000000000e+02,3.380000000000000000e+02
6.320000000000000000e+02,3.370000000000000000e+02
6.320000000000000000e+02,3.340000000000000000e+02
6.310000000000000000e+02,3.330000000000000000e+02
6.310000000000000000e+02,3.310000000000000000e+02
6.300000000000000000e+02,3.300000000000000000e+02
6.300000000000000000e+02,3.280000000000000000e+02
6.290000000000000000e+02,3.270000000000000000e+02
6.290000000000000000e+02,3.230000000000000000e+02
6.280000000000000000e+02,3.220000000000000000e+02
6.280000000000000000e+02,3.200000000000000000e+02
6.270000000000000000e+02,3.190000000000000000e+02
6.270000000000000000e+02,3.160000000000000000e+02
6.260000000000000000e+02,3.150000000000000000e+02
6.260000000000000000e+02,3.140000000000000000e+02
6.240000000000000000e+02,3.120000000000000000e+02
6.230000000000000000e+02,3.120000000000000000e+02
6.220000000000000000e+02,3.110000000000000000e+02
6.100000000000000000e+02,3.110000000000000000e+02
6.090000000000000000e+02,3.100000000000000000e+02
6.060000000000000000e+02,3.100000000000000000e+02
6.050000000000000000e+02,3.090000000000000000e+02
