3.460000000000000000e+02,3.670000000000000000e+02
3.450000000000000000e+02,3.680000000000000000e+02
3.430000000000000000e+02,3.680000000000000000e+02
3.420000000000000000e+02,3.690000000000000000e+02
3.410000000000000000e+02,3.690000000000000000e+02
3.390000000000000000e+02,3.710000000000000000e+02
3.390000000000000000e+02,3.750000000000000000e+02
3.380000000000000000e+02,3.760000000000000000e+02
3.380000000000000000e+02,3.820000000000000000e+02
3.370000000000000000e+02,3.830000000000000000e+02
3.370000000000000000e+02,3.900000000000000000e+02
3.390000000000000000e+02,3.920000000000000000e+02
3.420000000000000000e+02,3.920000000000000000e+02
3.430000000000000000e+02,3.930000000000000000e+02
3.470000000000000000e+02,3.930000000000000000e+02
3.480000000000000000e+02,3.940000000000000000e+02
3.510000000000000000e+02,3.940000000000000000e+02
3.520000000000000000e+02,3.950000000000000000e+02
3.570000000000000000e+02,3.950000000000000000e+02
3.580000000000000000e+02,3.940000000000000000e+02
3.590000000000000000e+02,3.940000000000000000e+02
3.600000000000000000e+02,3.930000000000000000e+02
3.600000000000000000e+02,3.860000000000000000e+02
3.590000000000000000e+02,3.850000000000000000e+02
3.590000000000000000e+02,3.830000000000000000e+02
3.580000000000000000e+02,3.820000000000000000e+02
3.580000000000000000e+02,3.750000000000000000e+02
3.590000000000000000e+02,3.740000000000000000e+02
3.590000000000000000e+02,3.720000000000000000e+02
3.580000000000000000e+02,3.710000000000000000e+02
3.580000000000000000e+02,3.690000000000000000e+02
3.560000000000000000e+02,3.670000000000000000e+02
