5.410000000000000000e+02,4.500000000000000000e+02
5.400000000000000000e+02,4.510000000000000000e+02
5.380000000000000000e+02,4.510000000000000000e+02
5.360000000000000000e+02,4.530000000000000000e+02
5.350000000000000000e+02,4.530000000000000000e+02
5.340000000000000000e+02,4.540000000000000000e+02
5.340000000000000000e+02,4.550000000000000000e+02
5.330000000000000000e+02,4.560000000000000000e+02
5.330000000000000000e+02,4.690000000000000000e+02
5.340000000000000000e+02,4.700000000000000000e+02
5.340000000000000000e+02,4.750000000000000000e+02
5.350000000000000000e+02,4.760000000000000000e+02
5.350000000000000000e+02,4.820000000000000000e+02
5.360000000000000000e+02,4.830000000000000000e+02
5.360000000000000000e+02,4.870000000000000000e+02
5.390000000000000000e+02,4.900000000000000000e+02
5.510000000000000000e+02,4.900000000000000000e+02
5.530000000000000000e+02,4.880000000000000000e+02
5.530000000000000000e+02,4.860000000000000000e+02
5.560000000000000000e+02,4.830000000000000000e+02
5.560000000000000000e+02,4.820000000000000000e+02
5.570000000000000000e+02,4.810000000000000000e+02
5.570000000000000000e+02,4.680000000000000000e+02
5.560000000000000000e+02,4.670000000000000000e+02
5.560000000000000000e+02,4.540000000000000000e+02
5.540000000000000000e+02,4.520000000000000000e+02
5.530000000000000000e+02,4.520000000000000000e+02
5.520000000000000000e+02,4.510000000000000000e+02
5.490000000000000000e+02,4.510000000000000000e+02
5.480000000000000000e+02,4.500000000000000000e+02
