6.350000000000000000e+02,4.890000000000000000e+02
6.310000000000000000e+02,4.930000000000000000e+02
6.310000000000000000e+02,4.940000000000000000e+02
6.300000000000000000e+02,4.950000000000000000e+02
6.300000000000000000e+02,5.180000000000000000e+02
6.310000000000000000e+02,5.190000000000000000e+02
6.310000000000000000e+02,5.200000000000000000e+02
6.320000000000000000e+02,5.210000000000000000e+02
6.330000000000000000e+02,5.210000000000000000e+02
6.380000000000000000e+02,5.260000000000000000e+02
6.390000000000000000e+02,5.260000000000000000e+02
6.420000000000000000e+02,5.290000000000000000e+02
6.440000000000000000e+02,5.290000000000000000e+02
6.450000000000000000e+02,5.300000000000000000e+02
6.490000000000000000e+02,5.300000000000000000e+02
6.520000000000000000e+02,5.270000000000000000e+02
6.520000000000000000e+02,5.190000000000000000e+02
6.510000000000000000e+02,5.180000000000000000e+02
6.510000000000000000e+02,5.150000000000000000e+02
6.500000000000000000e+02,5.140000000000000000e+02
6.500000000000000000e+02,5.120000000000000000e+02
6.490000000000000000e+02,5.110000000000000000e+02
6.490000000000000000e+02,5.040000000000000000e+02
6.500000000000000000e+02,5.030000000000000000e+02
6.500000000000000000e+02,4.970000000000000000e+02
6.490000000000000000e+02,4.960000000000000000e+02
6.490000000000000000e+02,4.950000000000000000e+02
6.460000000000000000e+02,4.920000000000000000e+02
6.450000000000000000e+02,4.920000000000000000e+02
6.440000000000000000e+02,4.910000000000000000e+02
6.430000000000000000e+02,4.910000000000000000e+02
6.420000000000000000e+02,4.900000000000000000e+02
6.410000000000000000e+02,4.900000000000000000e+02
6.400000000000000000e+02,4.890000000000000000e+02
