6.960000000000000000e+02,5.130000000000000000e+02
6.930000000000000000e+02,5.160000000000000000e+02
6.930000000000000000e+02,5.190000000000000000e+02
6.920000000000000000e+02,5.200000000000000000e+02
6.920000000000000000e+02,5.250000000000000000e+02
6.910000000000000000e+02,5.260000000000000000e+02
6.910000000000000000e+02,5.440000000000000000e+02
6.920000000000000000e+02,5.450000000000000000e+02
6.920000000000000000e+02,5.460000000000000000e+02
6.940000000000000000e+02,5.480000000000000000e+02
6.940000000000000000e+02,5.490000000000000000e+02
6.950000000000000000e+02,5.500000000000000000e+02
6.950000000000000000e+02,5.510000000000000000e+02
6.960000000000000000e+02,5.520000000000000000e+02
6.960000000000000000e+02,5.530000000000000000e+02
6.990000000000000000e+02,5.560000000000000000e+02
6.990000000000000000e+02,5.570000000000000000e+02
7.010000000000000000e+02,5.590000000000000000e+02
7.070000000000000000e+02,5.590000000000000000e+02
7.080000000000000000e+02,5.580000000000000000e+02
7.080000000000000000e+02,5.570000000000000000e+02
7.090000000000000000e+02,5.560000000000000000e+02
7.090000000000000000e+02,5.380000000000000000e+02
7.080000000000000000e+02,5.370000000000000000e+02
7.080000000000000000e+02,5.270000000000000000e+02
7.070000000000000000e+02,5.260000000000000000e+02
7.070000000000000000e+02,5.220000000000000000e+02
7.060000000000000000e+02,5.210000000000000000e+02
7.060000000000000000e+02,5.190000000000000000e+02
7.050000000000000000e+02,5.180000000000000000e+02
7.050000000000000000e+02,5.170000000000000000e+02
7.040000000000000000e+02,5.160000000000000000e+02
7.040000000000000000e+02,5.150000000000000000e+02
7.020000000000000000e+02,5.130000000000000000e+02
