8.380000000000000000e+02,2.420000000000000000e+02
8.370000000000000000e+02,2.430000000000000000e+02
8.320000000000000000e+02,2.430000000000000000e+02
8.310000000000000000e+02,2.440000000000000000e+02
8.300000000000000000e+02,2.440000000000000000e+02
8.290000000000000000e+02,2.450000000000000000e+02
8.280000000000000000e+02,2.450000000000000000e+02
8.270000000000000000e+02,2.460000000000000000e+02
8.270000000000000000e+02,2.480000000000000000e+02
8.260000000000000000e+02,2.490000000000000000e+02
8.260000000000000000e+02,2.520000000000000000e+02
8.270000000000000000e+02,2.530000000000000000e+02
8.270000000000000000e+02,2.560000000000000000e+02
8.260000000000000000e+02,2.570000000000000000e+02
8.260000000000000000e+02,2.630000000000000000e+02
8.290000000000000000e+02,2.660000000000000000e+02
8.300000000000000000e+02,2.660000000000000000e+02
8.310000000000000000e+02,2.670000000000000000e+02
8.310000000000000000e+02,2.680000000000000000e+02
8.320000000000000000e+02,2.690000000000000000e+02
8.330000000000000000e+02,2.690000000000000000e+02
8.340000000000000000e+02,2.700000000000000000e+02
8.440000000000000000e+02,2.700000000000000000e+02
8.450000000000000000e+02,2.710000000000000000e+02
8.500000000000000000e+02,2.710000000000000000e+02
8.510000000000000000e+02,2.720000000000000000e+02
8.510000000000000000e+02,2.730000000000000000e+02
8.520000000000000000e+02,2.740000000000000000e+02
8.520000000000000000e+02,2.750000000000000000e+02
8.530000000000000000e+02,2.760000000000000000e+02
8.530000000000000000e+02,2.890000000000000000e+02
8.550000000000000000e+02,2.910000000000000000e+02
8.590000000000000000e+02,2.910000000000000000e+02
8.600000000000000000e+02,2.920000000000000000e+02
8.610000000000000000e+02,2.920000000000000000e+02
8.620000000000000000e+02,2.910000000000000000e+02
8.650000000000000000e+02,2.910000000000000000e+02
8.660000000000000000e+02,2.900000000000000000e+02
8.660000000000000000e+02,2.880000000000000000e+02
8.650000000000000000e+02,2.870000000000000000e+02
8.650000000000000000e+02,2.840000000000000000e+02
8.660000000000000000e+02,2.830000000000000000e+02
8.660000000000000000e+02,2.810000000000000000e+02
8.650000000000000000e+02,2.800000000000000000e+02
8.650000000000000000e+02,2.770000000000000000e+02
8.660000000000000000e+02,2.760000000000000000e+02
8.660000000000000000e+02,2.750000000000000000e+02
8.670000000000000000e+02,2.740000000000000000e+02
8.680000000000000000e+02,2.740000000000000000e+02
8.690000000000000000e+02,2.750000000000000000e+02
8.720000000000000000e+02,2.750000000000000000e+02
8.730000000000000000e+02,2.760000000000000000e+02
8.750000000000000000e+02,2.760000000000000000e+02
8.760000000000000000e+02,2.770000000000000000e+02
8.780000000000000000e+02,2.770000000000000000e+02
8.790000000000000000e+02,2.780000000000000000e+02
8.800000000000000000e+02,2.780000000000000000e+02
8.840000000000000000e+02,2.820000000000000000e+02
8.840000000000000000e+02,2.830000000000000000e+02
8.850000000000000000e+02,2.840000000000000000e+02
8.850000000000000000e+02,2.870000000000000000e+02
8.860000000000000000e+02,2.880000000000000000e+02
8.900000000000000000e+02,2.880000000000000000e+02
8.910000000000000000e+02,2.870000000000000000e+02
8.980000000000000000e+02,2.870000000000000000e+02
9.000000000000000000e+02,2.850000000000000000e+02
9.000000000000000000e+02,2.840000000000000000e+02
8.990000000000000000e+02,2.830000000000000000e+02
8.990000000000000000e+02,2.820000000000000000e+02
8.980000000000000000e+02,2.810000000000000000e+02
8.980000000000000000e+02,2.800000000000000000e+02
8.900000000000000000e+02,2.720000000000000000e+02
8.900000000000000000e+02,2.620000000000000000e+02
8.910000000000000000e+02,2.610000000000000000e+02
8.920000000000000000e+02,2.610000000000000000e+02
8.930000000000000000e+02,2.600000000000000000e+02
8.990000000000000000e+02,2.600000000000000000e+02
9.000000000000000000e+02,2.590000000000000000e+02
9.000000000000000000e+02,2.460000000000000000e+02
8.990000000000000000e+02,2.450000000000000000e+02
8.980000000000000000e+02,2.450000000000000000e+02
8.960000000000000000e+02,2.430000000000000000e+02
8.470000000000000000e+02,2.430000000000000000e+02
8.460000000000000000e+02,2.420000000000000000e+02
