6.900000000000000000e+02,3.400000000000000000e+02
6.880000000000000000e+02,3.420000000000000000e+02
6.880000000000000000e+02,3.430000000000000000e+02
6.870000000000000000e+02,3.440000000000000000e+02
6.870000000000000000e+02,3.520000000000000000e+02
6.860000000000000000e+02,3.530000000000000000e+02
6.860000000000000000e+02,3.560000000000000000e+02
6.850000000000000000e+02,3.570000000000000000e+02
6.850000000000000000e+02,3.620000000000000000e+02
6.840000000000000000e+02,3.630000000000000000e+02
6.840000000000000000e+02,3.650000000000000000e+02
6.800000000000000000e+02,3.690000000000000000e+02
6.800000000000000000e+02,3.700000000000000000e+02
6.780000000000000000e+02,3.720000000000000000e+02
6.780000000000000000e+02,3.740000000000000000e+02
6.770000000000000000e+02,3.750000000000000000e+02
6.770000000000000000e+02,4.130000000000000000e+02
6.790000000000000000e+02,4.150000000000000000e+02
6.820000000000000000e+02,4.150000000000000000e+02
6.830000000000000000e+02,4.160000000000000000e+02
6.890000000000000000e+02,4.160000000000000000e+02
6.900000000000000000e+02,4.150000000000000000e+02
6.930000000000000000e+02,4.150000000000000000e+02
6.940000000000000000e+02,4.140000000000000000e+02
6.940000000000000000e+02,4.100000000000000000e+02
6.920000000000000000e+02,4.080000000000000000e+02
6.920000000000000000e+02,4.060000000000000000e+02
6.910000000000000000e+02,4.050000000000000000e+02
6.910000000000000000e+02,3.960000000000000000e+02
6.930000000000000000e+02,3.940000000000000000e+02
6.930000000000000000e+02,3.930000000000000000e+02
6.940000000000000000e+02,3.920000000000000000e+02
6.940000000000000000e+02,3.870000000000000000e+02
6.950000000000000000e+02,3.860000000000000000e+02
6.950000000000000000e+02,3.820000000000000000e+02
6.960000000000000000e+02,3.810000000000000000e+02
6.960000000000000000e+02,3.800000000000000000e+02
6.980000000000000000e+02,3.780000000000000000e+02
6.980000000000000000e+02,3.770000000000000000e+02
6.990000000000000000e+02,3.760000000000000000e+02
6.990000000000000000e+02,3.620000000000000000e+02
6.980000000000000000e+02,3.610000000000000000e+02
6.980000000000000000e+02,3.600000000000000000e+02
6.970000000000000000e+02,3.590000000000000000e+02
6.970000000000000000e+02,3.570000000000000000e+02
6.960000000000000000e+02,3.560000000000000000e+02
6.960000000000000000e+02,3.440000000000000000e+02
6.950000000000000000e+02,3.430000000000000000e+02
6.950000000000000000e+02,3.410000000000000000e+02
6.940000000000000000e+02,3.400000000000000000e+02
