6.990000000000000000e+02,3.380000000000000000e+02
6.980000000000000000e+02,3.390000000000000000e+02
6.960000000000000000e+02,3.390000000000000000e+02
6.940000000000000000e+02,3.410000000000000000e+02
6.940000000000000000e+02,3.460000000000000000e+02
6.930000000000000000e+02,3.470000000000000000e+02
6.930000000000000000e+02,3.530000000000000000e+02
6.920000000000000000e+02,3.540000000000000000e+02
6.920000000000000000e+02,3.610000000000000000e+02
6.930000000000000000e+02,3.620000000000000000e+02
6.930000000000000000e+02,3.630000000000000000e+02
6.940000000000000000e+02,3.640000000000000000e+02
7.000000000000000000e+02,3.640000000000000000e+02
7.010000000000000000e+02,3.630000000000000000e+02
7.010000000000000000e+02,3.620000000000000000e+02
7.020000000000000000e+02,3.610000000000000000e+02
7.010000000000000000e+02,3.600000000000000000e+02
7.010000000000000000e+02,3.580000000000000000e+02
7.020000000000000000e+02,3.570000000000000000e+02
7.020000000000000000e+02,3.520000000000000000e+02
7.030000000000000000e+02,3.510000000000000000e+02
7.030000000000000000e+02,3.440000000000000000e+02
7.020000000000000000e+02,3.430000000000000000e+02
7.020000000000000000e+02,3.410000000000000000e+02
