8.130000000000000000e+02,4.150000000000000000e+02
8.120000000000000000e+02,4.160000000000000000e+02
8.080000000000000000e+02,4.160000000000000000e+02
8.070000000000000000e+02,4.170000000000000000e+02
8.050000000000000000e+02,4.170000000000000000e+02
8.040000000000000000e+02,4.180000000000000000e+02
8.020000000000000000e+02,4.180000000000000000e+02
8.010000000000000000e+02,4.190000000000000000e+02
8.000000000000000000e+02,4.190000000000000000e+02
7.970000000000000000e+02,4.220000000000000000e+02
7.970000000000000000e+02,4.240000000000000000e+02
7.990000000000000000e+02,4.260000000000000000e+02
8.050000000000000000e+02,4.260000000000000000e+02
8.060000000000000000e+02,4.270000000000000000e+02
8.080000000000000000e+02,4.270000000000000000e+02
8.090000000000000000e+02,4.260000000000000000e+02
8.200000000000000000e+02,4.260000000000000000e+02
8.210000000000000000e+02,4.270000000000000000e+02
8.220000000000000000e+02,4.270000000000000000e+02
8.230000000000000000e+02,4.260000000000000000e+02
8.270000000000000000e+02,4.260000000000000000e+02
8.290000000000000000e+02,4.240000000000000000e+02
8.290000000000000000e+02,4.180000000000000000e+02
8.280000000000000000e+02,4.170000000000000000e+02
8.270000000000000000e+02,4.170000000000000000e+02
8.260000000000000000e+02,4.160000000000000000e+02
8.250000000000000000e+02,4.160000000000000000e+02
8.240000000000000000e+02,4.150000000000000000e+02
