5.990000000000000000e+02,4.150000000000000000e+02
5.970000000000000000e+02,4.170000000000000000e+02
5.970000000000000000e+02,4.180000000000000000e+02
5.960000000000000000e+02,4.190000000000000000e+02
5.960000000000000000e+02,4.210000000000000000e+02
5.950000000000000000e+02,4.220000000000000000e+02
5.950000000000000000e+02,4.260000000000000000e+02
5.960000000000000000e+02,4.270000000000000000e+02
5.960000000000000000e+02,4.350000000000000000e+02
5.950000000000000000e+02,4.360000000000000000e+02
5.960000000000000000e+02,4.370000000000000000e+02
5.960000000000000000e+02,4.400000000000000000e+02
5.970000000000000000e+02,4.410000000000000000e+02
5.970000000000000000e+02,4.420000000000000000e+02
6.000000000000000000e+02,4.450000000000000000e+02
6.010000000000000000e+02,4.450000000000000000e+02
6.020000000000000000e+02,4.460000000000000000e+02
6.040000000000000000e+02,4.460000000000000000e+02
6.050000000000000000e+02,4.470000000000000000e+02
6.060000000000000000e+02,4.470000000000000000e+02
6.070000000000000000e+02,4.480000000000000000e+02
6.130000000000000000e+02,4.480000000000000000e+02
6.150000000000000000e+02,4.460000000000000000e+02
6.150000000000000000e+02,4.410000000000000000e+02
6.160000000000000000e+02,4.400000000000000000e+02
6.160000000000000000e+02,4.230000000000000000e+02
6.150000000000000000e+02,4.220000000000000000e+02
6.150000000000000000e+02,4.210000000000000000e+02
6.130000000000000000e+02,4.190000000000000000e+02
6.120000000000000000e+02,4.190000000000000000e+02
6.100000000000000000e+02,4.170000000000000000e+02
6.090000000000000000e+02,4.170000000000000000e+02
6.080000000000000000e+02,4.160000000000000000e+02
6.070000000000000000e+02,4.160000000000000000e+02
6.060000000000000000e+02,4.170000000000000000e+02
6.050000000000000000e+02,4.170000000000000000e+02
6.040000000000000000e+02,4.160000000000000000e+02
6.030000000000000000e+02,4.160000000000000000e+02
6.020000000000000000e+02,4.150000000000000000e+02
