8.780000000000000000e+02,5.950000000000000000e+02
8.760000000000000000e+02,5.970000000000000000e+02
8.760000000000000000e+02,5.980000000000000000e+02
8.750000000000000000e+02,5.990000000000000000e+02
8.750000000000000000e+02,6.000000000000000000e+02
8.740000000000000000e+02,6.010000000000000000e+02
8.740000000000000000e+02,6.050000000000000000e+02
8.730000000000000000e+02,6.060000000000000000e+02
8.730000000000000000e+02,6.170000000000000000e+02
8.740000000000000000e+02,6.180000000000000000e+02
8.740000000000000000e+02,6.240000000000000000e+02
8.760000000000000000e+02,6.260000000000000000e+02
8.820000000000000000e+02,6.260000000000000000e+02
8.830000000000000000e+02,6.270000000000000000e+02
8.880000000000000000e+02,6.270000000000000000e+02
8.890000000000000000e+02,6.260000000000000000e+02
8.900000000000000000e+02,6.260000000000000000e+02
8.910000000000000000e+02,6.250000000000000000e+02
8.910000000000000000e+02,6.240000000000000000e+02
8.920000000000000000e+02,6.230000000000000000e+02
8.920000000000000000e+02,6.170000000000000000e+02
8.910000000000000000e+02,6.160000000000000000e+02
8.910000000000000000e+02,6.140000000000000000e+02
8.900000000000000000e+02,6.130000000000000000e+02
8.900000000000000000e+02,6.110000000000000000e+02
8.890000000000000000e+02,6.100000000000000000e+02
8.890000000000000000e+02,6.070000000000000000e+02
8.880000000000000000e+02,6.060000000000000000e+02
8.880000000000000000e+02,6.030000000000000000e+02
8.870000000000000000e+02,6.020000000000000000e+02
8.870000000000000000e+02,6.000000000000000000e+02
8.860000000000000000e+02,5.990000000000000000e+02
8.860000000000000000e+02,5.980000000000000000e+02
8.840000000000000000e+02,5.960000000000000000e+02
8.830000000000000000e+02,5.960000000000000000e+02
8.820000000000000000e+02,5.950000000000000000e+02
