6.080000000000000000e+02,1.460000000000000000e+02
6.070000000000000000e+02,1.470000000000000000e+02
6.030000000000000000e+02,1.470000000000000000e+02
6.020000000000000000e+02,1.480000000000000000e+02
6.010000000000000000e+02,1.480000000000000000e+02
6.000000000000000000e+02,1.490000000000000000e+02
5.990000000000000000e+02,1.490000000000000000e+02
5.940000000000000000e+02,1.540000000000000000e+02
5.940000000000000000e+02,1.560000000000000000e+02
5.930000000000000000e+02,1.570000000000000000e+02
5.930000000000000000e+02,1.580000000000000000e+02
5.920000000000000000e+02,1.590000000000000000e+02
5.920000000000000000e+02,1.600000000000000000e+02
5.910000000000000000e+02,1.610000000000000000e+02
5.910000000000000000e+02,1.630000000000000000e+02
5.900000000000000000e+02,1.640000000000000000e+02
5.900000000000000000e+02,1.670000000000000000e+02
5.890000000000000000e+02,1.680000000000000000e+02
5.890000000000000000e+02,1.820000000000000000e+02
5.880000000000000000e+02,1.830000000000000000e+02
5.880000000000000000e+02,2.170000000000000000e+02
5.870000000000000000e+02,2.180000000000000000e+02
5.870000000000000000e+02,2.420000000000000000e+02
5.860000000000000000e+02,2.430000000000000000e+02
5.860000000000000000e+02,2.560000000000000000e+02
5.850000000000000000e+02,2.570000000000000000e+02
5.850000000000000000e+02,2.770000000000000000e+02
5.840000000000000000e+02,2.780000000000000000e+02
5.840000000000000000e+02,3.120000000000000000e+02
5.830000000000000000e+02,3.130000000000000000e+02
5.830000000000000000e+02,3.230000000000000000e+02
5.820000000000000000e+02,3.240000000000000000e+02
5.820000000000000000e+02,3.340000000000000000e+02
5.810000000000000000e+02,3.350000000000000000e+02
5.810000000000000000e+02,3.460000000000000000e+02
5.800000000000000000e+02,3.470000000000000000e+02
5.800000000000000000e+02,3.540000000000000000e+02
5.790000000000000000e+02,3.550000000000000000e+02
5.790000000000000000e+02,3.630000000000000000e+02
5.780000000000000000e+02,3.640000000000000000e+02
5.780000000000000000e+02,3.740000000000000000e+02
5.770000000000000000e+02,3.750000000000000000e+02
5.770000000000000000e+02,3.990000000000000000e+02
5.820000000000000000e+02,4.040000000000000000e+02
5.830000000000000000e+02,4.040000000000000000e+02
5.870000000000000000e+02,4.000000000000000000e+02
5.880000000000000000e+02,4.000000000000000000e+02
5.890000000000000000e+02,4.010000000000000000e+02
5.910000000000000000e+02,4.010000000000000000e+02
5.940000000000000000e+02,3.980000000000000000e+02
5.940000000000000000e+02,3.970000000000000000e+02
5.950000000000000000e+02,3.960000000000000000e+02
5.950000000000000000e+02,3.950000000000000000e+02
5.980000000000000000e+02,3.920000000000000000e+02
5.990000000000000000e+02,3.920000000000000000e+02
6.010000000000000000e+02,3.900000000000000000e+02
6.020000000000000000e+02,3.900000000000000000e+02
6.030000000000000000e+02,3.890000000000000000e+02
6.040000000000000000e+02,3.890000000000000000e+02
6.050000000000000000e+02,3.880000000000000000e+02
6.060000000000000000e+02,3.880000000000000000e+02
6.070000000000000000e+02,3.870000000000000000e+02
6.080000000000000000e+02,3.870000000000000000e+02
6.090000000000000000e+02,3.860000000000000000e+02
6.100000000000000000e+02,3.860000000000000000e+02
6.130000000000000000e+02,3.830000000000000000e+02
6.130000000000000000e+02,3.820000000000000000e+02
6.140000000000000000e+02,3.810000000000000000e+02
6.150000000000000000e+02,3.810000000000000000e+02
6.160000000000000000e+02,3.800000000000000000e+02
6.170000000000000000e+02,3.800000000000000000e+02
6.180000000000000000e+02,3.790000000000000000e+02
6.190000000000000000e+02,3.790000000000000000e+02
6.200000000000000000e+02,3.800000000000000000e+02
6.220000000000000000e+02,3.800000000000000000e+02
6.230000000000000000e+02,3.810000000000000000e+02
6.230000000000000000e+02,3.820000000000000000e+02
6.240000000000000000e+02,3.830000000000000000e+02
6.240000000000000000e+02,3.840000000000000000e+02
6.250000000000000000e+02,3.850000000000000000e+02
6.250000000000000000e+02,3.860000000000000000e+02
6.260000000000000000e+02,3.870000000000000000e+02
6.260000000000000000e+02,3.880000000000000000e+02
6.270000000000000000e+02,3.890000000000000000e+02
6.270000000000000000e+02,3.900000000000000000e+02
6.280000000000000000e+02,3.910000000000000000e+02
6.280000000000000000e+02,3.930000000000000000e+02
6.290000000000000000e+02,3.940000000000000000e+02
6.290000000000000000e+02,3.960000000000000000e+02
6.280000000000000000e+02,3.970000000000000000e+02
6.280000000000000000e+02,3.990000000000000000e+02
6.270000000000000000e+02,4.000000000000000000e+02
6.270000000000000000e+02,4.010000000000000000e+02
6.250000000000000000e+02,4.030000000000000000e+02
6.250000000000000000e+02,4.040000000000000000e+02
6.210000000000000000e+02,4.080000000000000000e+02
6.210000000000000000e+02,4.090000000000000000e+02
6.190000000000000000e+02,4.110000000000000000e+02
6.190000000000000000e+02,4.120000000000000000e+02
6.150000000000000000e+02,4.160000000000000000e+02
6.140000000000000000e+02,4.160000000000000000e+02
6.130000000000000000e+02,4.170000000000000000e+02
6.130000000000000000e+02,4.180000000000000000e+02
6.120000000000000000e+02,4.190000000000000000e+02
6.120000000000000000e+02,4.200000000000000000e+02
6.110000000000000000e+02,4.210000000000000000e+02
6.110000000000000000e+02,4.230000000000000000e+02
6.100000000000000000e+02,4.240000000000000000e+02
6.100000000000000000e+02,4.260000000000000000e+02
6.090000000000000000e+02,4.270000000000000000e+02
6.090000000000000000e+02,4.300000000000000000e+02
6.080000000000000000e+02,4.310000000000000000e+02
6.080000000000000000e+02,4.320000000000000000e+02
6.020000000000000000e+02,4.380000000000000000e+02
6.010000000000000000e+02,4.380000000000000000e+02
5.950000000000000000e+02,4.440000000000000000e+02
5.920000000000000000e+02,4.440000000000000000e+02
5.900000000000000000e+02,4.460000000000000000e+02
5.900000000000000000e+02,4.490000000000000000e+02
5.890000000000000000e+02,4.500000000000000000e+02
5.890000000000000000e+02,4.530000000000000000e+02
5.880000000000000000e+02,4.540000000000000000e+02
5.880000000000000000e+02,4.560000000000000000e+02
5.870000000000000000e+02,4.570000000000000000e+02
5.870000000000000000e+02,4.580000000000000000e+02
5.860000000000000000e+02,4.590000000000000000e+02
5.860000000000000000e+02,4.620000000000000000e+02
5.850000000000000000e+02,4.630000000000000000e+02
5.850000000000000000e+02,4.650000000000000000e+02
5.860000000000000000e+02,4.660000000000000000e+02
5.860000000000000000e+02,4.680000000000000000e+02
5.880000000000000000e+02,4.700000000000000000e+02
5.890000000000000000e+02,4.700000000000000000e+02
5.910000000000000000e+02,4.720000000000000000e+02
6.000000000000000000e+02,4.720000000000000000e+02
6.050000000000000000e+02,4.670000000000000000e+02
6.050000000000000000e+02,4.660000000000000000e+02
6.100000000000000000e+02,4.610000000000000000e+02
6.110000000000000000e+02,4.610000000000000000e+02
6.120000000000000000e+02,4.600000000000000000e+02
6.130000000000000000e+02,4.600000000000000000e+02
6.140000000000000000e+02,4.590000000000000000e+02
6.150000000000000000e+02,4.590000000000000000e+02
6.160000000000000000e+02,4.600000000000000000e+02
6.180000000000000000e+02,4.600000000000000000e+02
6.190000000000000000e+02,4.590000000000000000e+02
6.200000000000000000e+02,4.590000000000000000e+02
6.210000000000000000e+02,4.580000000000000000e+02
6.280000000000000000e+02,4.580000000000000000e+02
6.290000000000000000e+02,4.570000000000000000e+02
6.370000000000000000e+02,4.570000000000000000e+02
6.380000000000000000e+02,4.580000000000000000e+02
6.390000000000000000e+02,4.580000000000000000e+02
6.400000000000000000e+02,4.590000000000000000e+02
6.410000000000000000e+02,4.590000000000000000e+02
6.420000000000000000e+02,4.580000000000000000e+02
6.430000000000000000e+02,4.580000000000000000e+02
6.470000000000000000e+02,4.540000000000000000e+02
6.470000000000000000e+02,4.530000000000000000e+02
6.500000000000000000e+02,4.500000000000000000e+02
6.500000000000000000e+02,4.430000000000000000e+02
6.510000000000000000e+02,4.420000000000000000e+02
6.510000000000000000e+02,4.290000000000000000e+02
6.500000000000000000e+02,4.280000000000000000e+02
6.500000000000000000e+02,4.250000000000000000e+02
6.490000000000000000e+02,4.240000000000000000e+02
6.490000000000000000e+02,4.220000000000000000e+02
6.480000000000000000e+02,4.210000000000000000e+02
6.480000000000000000e+02,4.180000000000000000e+02
6.470000000000000000e+02,4.170000000000000000e+02
6.470000000000000000e+02,4.130000000000000000e+02
6.460000000000000000e+02,4.120000000000000000e+02
6.460000000000000000e+02,4.090000000000000000e+02
6.450000000000000000e+02,4.080000000000000000e+02
6.450000000000000000e+02,4.060000000000000000e+02
6.440000000000000000e+02,4.050000000000000000e+02
6.440000000000000000e+02,4.020000000000000000e+02
6.430000000000000000e+02,4.010000000000000000e+02
6.430000000000000000e+02,3.970000000000000000e+02
6.420000000000000000e+02,3.960000000000000000e+02
6.420000000000000000e+02,3.930000000000000000e+02
6.430000000000000000e+02,3.920000000000000000e+02
6.430000000000000000e+02,3.600000000000000000e+02
6.440000000000000000e+02,3.590000000000000000e+02
6.440000000000000000e+02,3.280000000000000000e+02
6.430000000000000000e+02,3.270000000000000000e+02
6.430000000000000000e+02,3.010000000000000000e+02
6.420000000000000000e+02,3.000000000000000000e+02
6.420000000000000000e+02,2.910000000000000000e+02
6.410000000000000000e+02,2.900000000000000000e+02
6.410000000000000000e+02,2.820000000000000000e+02
6.400000000000000000e+02,2.810000000000000000e+02
6.400000000000000000e+02,2.730000000000000000e+02
6.390000000000000000e+02,2.720000000000000000e+02
6.390000000000000000e+02,2.380000000000000000e+02
6.400000000000000000e+02,2.370000000000000000e+02
6.400000000000000000e+02,2.160000000000000000e+02
6.390000000000000000e+02,2.150000000000000000e+02
6.390000000000000000e+02,1.720000000000000000e+02
6.380000000000000000e+02,1.710000000000000000e+02
6.380000000000000000e+02,1.660000000000000000e+02
6.370000000000000000e+02,1.650000000000000000e+02
6.370000000000000000e+02,1.620000000000000000e+02
6.360000000000000000e+02,1.610000000000000000e+02
6.360000000000000000e+02,1.590000000000000000e+02
6.350000000000000000e+02,1.580000000000000000e+02
6.350000000000000000e+02,1.570000000000000000e+02
6.340000000000000000e+02,1.560000000000000000e+02
6.340000000000000000e+02,1.550000000000000000e+02
6.330000000000000000e+02,1.540000000000000000e+02
6.330000000000000000e+02,1.530000000000000000e+02
6.280000000000000000e+02,1.480000000000000000e+02
6.270000000000000000e+02,1.480000000000000000e+02
6.260000000000000000e+02,1.470000000000000000e+02
6.240000000000000000e+02,1.470000000000000000e+02
6.230000000000000000e+02,1.460000000000000000e+02
