6.220000000000000000e+02,1.500000000000000000e+02
6.210000000000000000e+02,1.510000000000000000e+02
6.200000000000000000e+02,1.510000000000000000e+02
6.190000000000000000e+02,1.520000000000000000e+02
6.180000000000000000e+02,1.520000000000000000e+02
6.170000000000000000e+02,1.530000000000000000e+02
6.160000000000000000e+02,1.530000000000000000e+02
6.130000000000000000e+02,1.560000000000000000e+02
6.130000000000000000e+02,1.570000000000000000e+02
6.120000000000000000e+02,1.580000000000000000e+02
6.120000000000000000e+02,1.600000000000000000e+02
6.110000000000000000e+02,1.610000000000000000e+02
6.110000000000000000e+02,1.620000000000000000e+02
6.090000000000000000e+02,1.640000000000000000e+02
6.090000000000000000e+02,1.650000000000000000e+02
6.080000000000000000e+02,1.660000000000000000e+02
6.080000000000000000e+02,1.670000000000000000e+02
6.060000000000000000e+02,1.690000000000000000e+02
6.060000000000000000e+02,1.700000000000000000e+02
6.050000000000000000e+02,1.710000000000000000e+02
6.050000000000000000e+02,1.720000000000000000e+02
6.040000000000000000e+02,1.730000000000000000e+02
6.040000000000000000e+02,1.740000000000000000e+02
6.030000000000000000e+02,1.750000000000000000e+02
6.030000000000000000e+02,1.820000000000000000e+02
6.020000000000000000e+02,1.830000000000000000e+02
6.020000000000000000e+02,1.990000000000000000e+02
6.010000000000000000e+02,2.000000000000000000e+02
6.010000000000000000e+02,2.200000000000000000e+02
6.000000000000000000e+02,2.210000000000000000e+02
6.000000000000000000e+02,2.400000000000000000e+02
5.990000000000000000e+02,2.410000000000000000e+02
5.990000000000000000e+02,2.530000000000000000e+02
5.980000000000000000e+02,2.540000000000000000e+02
5.980000000000000000e+02,2.720000000000000000e+02
5.970000000000000000e+02,2.730000000000000000e+02
5.970000000000000000e+02,2.960000000000000000e+02
5.960000000000000000e+02,2.970000000000000000e+02
5.960000000000000000e+02,3.120000000000000000e+02
5.950000000000000000e+02,3.130000000000000000e+02
5.950000000000000000e+02,3.200000000000000000e+02
5.940000000000000000e+02,3.210000000000000000e+02
5.940000000000000000e+02,3.340000000000000000e+02
5.930000000000000000e+02,3.350000000000000000e+02
5.930000000000000000e+02,3.550000000000000000e+02
5.920000000000000000e+02,3.560000000000000000e+02
5.920000000000000000e+02,3.690000000000000000e+02
5.910000000000000000e+02,3.700000000000000000e+02
5.910000000000000000e+02,4.020000000000000000e+02
5.920000000000000000e+02,4.030000000000000000e+02
5.920000000000000000e+02,4.050000000000000000e+02
5.930000000000000000e+02,4.060000000000000000e+02
5.930000000000000000e+02,4.070000000000000000e+02
5.950000000000000000e+02,4.090000000000000000e+02
5.960000000000000000e+02,4.090000000000000000e+02
6.000000000000000000e+02,4.050000000000000000e+02
6.030000000000000000e+02,4.050000000000000000e+02
6.050000000000000000e+02,4.030000000000000000e+02
6.050000000000000000e+02,4.020000000000000000e+02
6.060000000000000000e+02,4.010000000000000000e+02
6.060000000000000000e+02,3.990000000000000000e+02
6.070000000000000000e+02,3.980000000000000000e+02
6.070000000000000000e+02,3.970000000000000000e+02
6.090000000000000000e+02,3.950000000000000000e+02
6.100000000000000000e+02,3.950000000000000000e+02
6.120000000000000000e+02,3.930000000000000000e+02
6.130000000000000000e+02,3.930000000000000000e+02
6.140000000000000000e+02,3.920000000000000000e+02
6.150000000000000000e+02,3.920000000000000000e+02
6.160000000000000000e+02,3.910000000000000000e+02
6.180000000000000000e+02,3.910000000000000000e+02
6.190000000000000000e+02,3.900000000000000000e+02
6.200000000000000000e+02,3.900000000000000000e+02
6.210000000000000000e+02,3.890000000000000000e+02
6.220000000000000000e+02,3.890000000000000000e+02
6.230000000000000000e+02,3.880000000000000000e+02
6.240000000000000000e+02,3.880000000000000000e+02
6.250000000000000000e+02,3.870000000000000000e+02
6.300000000000000000e+02,3.870000000000000000e+02
6.320000000000000000e+02,3.890000000000000000e+02
6.320000000000000000e+02,3.910000000000000000e+02
6.330000000000000000e+02,3.920000000000000000e+02
6.330000000000000000e+02,3.930000000000000000e+02
6.340000000000000000e+02,3.940000000000000000e+02
6.340000000000000000e+02,3.950000000000000000e+02
6.350000000000000000e+02,3.960000000000000000e+02
6.350000000000000000e+02,3.980000000000000000e+02
6.340000000000000000e+02,3.990000000000000000e+02
6.340000000000000000e+02,4.000000000000000000e+02
6.320000000000000000e+02,4.020000000000000000e+02
6.320000000000000000e+02,4.030000000000000000e+02
6.260000000000000000e+02,4.090000000000000000e+02
6.250000000000000000e+02,4.090000000000000000e+02
6.220000000000000000e+02,4.120000000000000000e+02
6.220000000000000000e+02,4.150000000000000000e+02
6.210000000000000000e+02,4.160000000000000000e+02
6.210000000000000000e+02,4.180000000000000000e+02
6.200000000000000000e+02,4.190000000000000000e+02
6.200000000000000000e+02,4.220000000000000000e+02
6.190000000000000000e+02,4.230000000000000000e+02
6.190000000000000000e+02,4.250000000000000000e+02
6.180000000000000000e+02,4.260000000000000000e+02
6.180000000000000000e+02,4.290000000000000000e+02
6.170000000000000000e+02,4.300000000000000000e+02
6.170000000000000000e+02,4.320000000000000000e+02
6.160000000000000000e+02,4.330000000000000000e+02
6.160000000000000000e+02,4.340000000000000000e+02
6.140000000000000000e+02,4.360000000000000000e+02
6.140000000000000000e+02,4.370000000000000000e+02
6.120000000000000000e+02,4.390000000000000000e+02
6.110000000000000000e+02,4.390000000000000000e+02
6.100000000000000000e+02,4.400000000000000000e+02
6.090000000000000000e+02,4.400000000000000000e+02
6.070000000000000000e+02,4.420000000000000000e+02
6.050000000000000000e+02,4.420000000000000000e+02
6.040000000000000000e+02,4.410000000000000000e+02
6.020000000000000000e+02,4.430000000000000000e+02
6.020000000000000000e+02,4.440000000000000000e+02
6.010000000000000000e+02,4.450000000000000000e+02
6.010000000000000000e+02,4.470000000000000000e+02
6.000000000000000000e+02,4.480000000000000000e+02
6.000000000000000000e+02,4.510000000000000000e+02
5.980000000000000000e+02,4.530000000000000000e+02
5.960000000000000000e+02,4.530000000000000000e+02
5.950000000000000000e+02,4.540000000000000000e+02
5.950000000000000000e+02,4.550000000000000000e+02
5.940000000000000000e+02,4.560000000000000000e+02
5.940000000000000000e+02,4.600000000000000000e+02
5.930000000000000000e+02,4.610000000000000000e+02
5.930000000000000000e+02,4.680000000000000000e+02
5.940000000000000000e+02,4.690000000000000000e+02
5.940000000000000000e+02,4.700000000000000000e+02
5.950000000000000000e+02,4.710000000000000000e+02
5.950000000000000000e+02,4.720000000000000000e+02
5.960000000000000000e+02,4.730000000000000000e+02
5.970000000000000000e+02,4.730000000000000000e+02
5.980000000000000000e+02,4.740000000000000000e+02
6.010000000000000000e+02,4.740000000000000000e+02
6.020000000000000000e+02,4.750000000000000000e+02
6.040000000000000000e+02,4.750000000000000000e+02
6.050000000000000000e+02,4.740000000000000000e+02
6.090000000000000000e+02,4.740000000000000000e+02
6.100000000000000000e+02,4.730000000000000000e+02
6.120000000000000000e+02,4.730000000000000000e+02
6.170000000000000000e+02,4.680000000000000000e+02
6.170000000000000000e+02,4.670000000000000000e+02
6.190000000000000000e+02,4.650000000000000000e+02
6.190000000000000000e+02,4.640000000000000000e+02
6.230000000000000000e+02,4.600000000000000000e+02
6.270000000000000000e+02,4.600000000000000000e+02
6.280000000000000000e+02,4.590000000000000000e+02
6.300000000000000000e+02,4.590000000000000000e+02
6.310000000000000000e+02,4.580000000000000000e+02
6.460000000000000000e+02,4.580000000000000000e+02
6.470000000000000000e+02,4.590000000000000000e+02
6.480000000000000000e+02,4.580000000000000000e+02
6.550000000000000000e+02,4.580000000000000000e+02
6.580000000000000000e+02,4.550000000000000000e+02
6.580000000000000000e+02,4.540000000000000000e+02
6.590000000000000000e+02,4.530000000000000000e+02
6.590000000000000000e+02,4.520000000000000000e+02
6.600000000000000000e+02,4.510000000000000000e+02
6.600000000000000000e+02,4.430000000000000000e+02
6.590000000000000000e+02,4.420000000000000000e+02
6.590000000000000000e+02,4.350000000000000000e+02
6.580000000000000000e+02,4.340000000000000000e+02
6.580000000000000000e+02,4.240000000000000000e+02
6.570000000000000000e+02,4.230000000000000000e+02
6.570000000000000000e+02,4.140000000000000000e+02
6.560000000000000000e+02,4.130000000000000000e+02
6.560000000000000000e+02,4.060000000000000000e+02
6.550000000000000000e+02,4.050000000000000000e+02
6.550000000000000000e+02,4.020000000000000000e+02
6.540000000000000000e+02,4.010000000000000000e+02
6.540000000000000000e+02,3.990000000000000000e+02
6.530000000000000000e+02,3.980000000000000000e+02
6.530000000000000000e+02,3.960000000000000000e+02
6.540000000000000000e+02,3.950000000000000000e+02
6.540000000000000000e+02,3.900000000000000000e+02
6.550000000000000000e+02,3.890000000000000000e+02
6.550000000000000000e+02,3.820000000000000000e+02
6.560000000000000000e+02,3.810000000000000000e+02
6.560000000000000000e+02,3.050000000000000000e+02
6.550000000000000000e+02,3.040000000000000000e+02
6.550000000000000000e+02,2.910000000000000000e+02
6.540000000000000000e+02,2.900000000000000000e+02
6.540000000000000000e+02,1.710000000000000000e+02
6.530000000000000000e+02,1.700000000000000000e+02
6.530000000000000000e+02,1.620000000000000000e+02
6.520000000000000000e+02,1.610000000000000000e+02
6.520000000000000000e+02,1.570000000000000000e+02
6.510000000000000000e+02,1.560000000000000000e+02
6.510000000000000000e+02,1.550000000000000000e+02
6.470000000000000000e+02,1.510000000000000000e+02
6.460000000000000000e+02,1.510000000000000000e+02
6.450000000000000000e+02,1.500000000000000000e+02
