4.000000000000000000e+02,5.940000000000000000e+02
3.990000000000000000e+02,5.950000000000000000e+02
3.920000000000000000e+02,5.950000000000000000e+02
3.910000000000000000e+02,5.960000000000000000e+02
3.870000000000000000e+02,5.960000000000000000e+02
3.860000000000000000e+02,5.970000000000000000e+02
3.820000000000000000e+02,5.970000000000000000e+02
3.810000000000000000e+02,5.980000000000000000e+02
3.790000000000000000e+02,5.980000000000000000e+02
3.760000000000000000e+02,6.010000000000000000e+02
3.760000000000000000e+02,6.070000000000000000e+02
3.770000000000000000e+02,6.080000000000000000e+02
3.770000000000000000e+02,6.090000000000000000e+02
3.820000000000000000e+02,6.140000000000000000e+02
3.860000000000000000e+02,6.140000000000000000e+02
3.870000000000000000e+02,6.150000000000000000e+02
4.070000000000000000e+02,6.150000000000000000e+02
4.080000000000000000e+02,6.140000000000000000e+02
4.090000000000000000e+02,6.140000000000000000e+02
4.140000000000000000e+02,6.090000000000000000e+02
4.140000000000000000e+02,6.070000000000000000e+02
4.150000000000000000e+02,6.060000000000000000e+02
4.150000000000000000e+02,5.980000000000000000e+02
4.140000000000000000e+02,5.970000000000000000e+02
4.140000000000000000e+02,5.960000000000000000e+02
4.130000000000000000e+02,5.950000000000000000e+02
4.120000000000000000e+02,5.950000000000000000e+02
4.110000000000000000e+02,5.940000000000000000e+02
