7.740000000000000000e+02,4.150000000000000000e+02
7.730000000000000000e+02,4.160000000000000000e+02
7.680000000000000000e+02,4.160000000000000000e+02
7.670000000000000000e+02,4.170000000000000000e+02
7.650000000000000000e+02,4.170000000000000000e+02
7.640000000000000000e+02,4.180000000000000000e+02
7.630000000000000000e+02,4.180000000000000000e+02
7.620000000000000000e+02,4.190000000000000000e+02
7.600000000000000000e+02,4.190000000000000000e+02
7.590000000000000000e+02,4.180000000000000000e+02
7.530000000000000000e+02,4.180000000000000000e+02
7.520000000000000000e+02,4.170000000000000000e+02
7.430000000000000000e+02,4.170000000000000000e+02
7.420000000000000000e+02,4.180000000000000000e+02
7.420000000000000000e+02,4.200000000000000000e+02
7.430000000000000000e+02,4.210000000000000000e+02
7.420000000000000000e+02,4.220000000000000000e+02
7.420000000000000000e+02,4.250000000000000000e+02
7.430000000000000000e+02,4.260000000000000000e+02
7.670000000000000000e+02,4.260000000000000000e+02
7.680000000000000000e+02,4.250000000000000000e+02
7.710000000000000000e+02,4.250000000000000000e+02
7.720000000000000000e+02,4.240000000000000000e+02
7.760000000000000000e+02,4.240000000000000000e+02
7.780000000000000000e+02,4.220000000000000000e+02
7.780000000000000000e+02,4.170000000000000000e+02
7.760000000000000000e+02,4.150000000000000000e+02
