7.380000000000000000e+02,3.120000000000000000e+02
7.360000000000000000e+02,3.140000000000000000e+02
7.360000000000000000e+02,3.160000000000000000e+02
7.370000000000000000e+02,3.170000000000000000e+02
7.370000000000000000e+02,3.180000000000000000e+02
7.380000000000000000e+02,3.190000000000000000e+02
7.380000000000000000e+02,3.200000000000000000e+02
7.390000000000000000e+02,3.210000000000000000e+02
7.390000000000000000e+02,3.220000000000000000e+02
7.400000000000000000e+02,3.230000000000000000e+02
7.410000000000000000e+02,3.230000000000000000e+02
7.420000000000000000e+02,3.240000000000000000e+02
7.470000000000000000e+02,3.240000000000000000e+02
7.480000000000000000e+02,3.250000000000000000e+02
7.490000000000000000e+02,3.250000000000000000e+02
7.500000000000000000e+02,3.260000000000000000e+02
7.500000000000000000e+02,3.280000000000000000e+02
7.510000000000000000e+02,3.290000000000000000e+02
7.510000000000000000e+02,3.320000000000000000e+02
7.480000000000000000e+02,3.350000000000000000e+02
7.480000000000000000e+02,3.360000000000000000e+02
7.450000000000000000e+02,3.390000000000000000e+02
7.440000000000000000e+02,3.390000000000000000e+02
7.430000000000000000e+02,3.400000000000000000e+02
7.430000000000000000e+02,3.410000000000000000e+02
7.450000000000000000e+02,3.430000000000000000e+02
7.450000000000000000e+02,3.450000000000000000e+02
7.460000000000000000e+02,3.460000000000000000e+02
7.460000000000000000e+02,3.490000000000000000e+02
7.470000000000000000e+02,3.500000000000000000e+02
7.460000000000000000e+02,3.510000000000000000e+02
7.460000000000000000e+02,3.520000000000000000e+02
7.450000000000000000e+02,3.530000000000000000e+02
7.450000000000000000e+02,3.550000000000000000e+02
7.440000000000000000e+02,3.560000000000000000e+02
7.440000000000000000e+02,3.580000000000000000e+02
7.430000000000000000e+02,3.590000000000000000e+02
7.430000000000000000e+02,3.630000000000000000e+02
7.420000000000000000e+02,3.640000000000000000e+02
7.420000000000000000e+02,3.670000000000000000e+02
7.410000000000000000e+02,3.680000000000000000e+02
7.410000000000000000e+02,3.700000000000000000e+02
7.400000000000000000e+02,3.710000000000000000e+02
7.400000000000000000e+02,3.730000000000000000e+02
7.390000000000000000e+02,3.740000000000000000e+02
7.390000000000000000e+02,3.770000000000000000e+02
7.370000000000000000e+02,3.790000000000000000e+02
7.370000000000000000e+02,3.800000000000000000e+02
7.360000000000000000e+02,3.810000000000000000e+02
7.360000000000000000e+02,3.820000000000000000e+02
7.350000000000000000e+02,3.830000000000000000e+02
7.350000000000000000e+02,3.840000000000000000e+02
7.340000000000000000e+02,3.850000000000000000e+02
7.340000000000000000e+02,3.870000000000000000e+02
7.330000000000000000e+02,3.880000000000000000e+02
7.330000000000000000e+02,3.900000000000000000e+02
7.320000000000000000e+02,3.910000000000000000e+02
7.320000000000000000e+02,3.940000000000000000e+02
7.310000000000000000e+02,3.950000000000000000e+02
7.310000000000000000e+02,4.100000000000000000e+02
7.300000000000000000e+02,4.110000000000000000e+02
7.300000000000000000e+02,4.440000000000000000e+02
7.310000000000000000e+02,4.450000000000000000e+02
7.310000000000000000e+02,4.470000000000000000e+02
7.320000000000000000e+02,4.480000000000000000e+02
7.320000000000000000e+02,4.500000000000000000e+02
7.360000000000000000e+02,4.540000000000000000e+02
7.370000000000000000e+02,4.540000000000000000e+02
7.380000000000000000e+02,4.550000000000000000e+02
7.400000000000000000e+02,4.550000000000000000e+02
7.410000000000000000e+02,4.560000000000000000e+02
7.430000000000000000e+02,4.560000000000000000e+02
7.440000000000000000e+02,4.570000000000000000e+02
7.460000000000000000e+02,4.570000000000000000e+02
7.470000000000000000e+02,4.580000000000000000e+02
7.490000000000000000e+02,4.580000000000000000e+02
7.510000000000000000e+02,4.600000000000000000e+02
7.520000000000000000e+02,4.600000000000000000e+02
7.540000000000000000e+02,4.620000000000000000e+02
7.550000000000000000e+02,4.620000000000000000e+02
7.560000000000000000e+02,4.630000000000000000e+02
7.580000000000000000e+02,4.630000000000000000e+02
7.590000000000000000e+02,4.640000000000000000e+02
7.640000000000000000e+02,4.640000000000000000e+02
7.650000000000000000e+02,4.650000000000000000e+02
7.720000000000000000e+02,4.650000000000000000e+02
7.730000000000000000e+02,4.660000000000000000e+02
7.810000000000000000e+02,4.660000000000000000e+02
7.820000000000000000e+02,4.670000000000000000e+02
7.950000000000000000e+02,4.670000000000000000e+02
7.960000000000000000e+02,4.680000000000000000e+02
7.990000000000000000e+02,4.680000000000000000e+02
8.000000000000000000e+02,4.670000000000000000e+02
8.440000000000000000e+02,4.670000000000000000e+02
8.450000000000000000e+02,4.680000000000000000e+02
8.520000000000000000e+02,4.680000000000000000e+02
8.530000000000000000e+02,4.690000000000000000e+02
8.560000000000000000e+02,4.690000000000000000e+02
8.570000000000000000e+02,4.700000000000000000e+02
8.580000000000000000e+02,4.700000000000000000e+02
8.590000000000000000e+02,4.710000000000000000e+02
8.610000000000000000e+02,4.710000000000000000e+02
8.620000000000000000e+02,4.720000000000000000e+02
8.640000000000000000e+02,4.720000000000000000e+02
8.650000000000000000e+02,4.730000000000000000e+02
8.700000000000000000e+02,4.730000000000000000e+02
8.710000000000000000e+02,4.740000000000000000e+02
8.820000000000000000e+02,4.740000000000000000e+02
8.830000000000000000e+02,4.750000000000000000e+02
8.950000000000000000e+02,4.750000000000000000e+02
8.960000000000000000e+02,4.760000000000000000e+02
9.030000000000000000e+02,4.760000000000000000e+02
9.040000000000000000e+02,4.770000000000000000e+02
9.480000000000000000e+02,4.770000000000000000e+02
9.490000000000000000e+02,4.760000000000000000e+02
9.530000000000000000e+02,4.760000000000000000e+02
9.540000000000000000e+02,4.750000000000000000e+02
9.580000000000000000e+02,4.750000000000000000e+02
9.590000000000000000e+02,4.740000000000000000e+02
9.640000000000000000e+02,4.740000000000000000e+02
9.650000000000000000e+02,4.730000000000000000e+02
9.670000000000000000e+02,4.730000000000000000e+02
9.680000000000000000e+02,4.720000000000000000e+02
9.690000000000000000e+02,4.720000000000000000e+02
9.700000000000000000e+02,4.710000000000000000e+02
9.710000000000000000e+02,4.710000000000000000e+02
9.760000000000000000e+02,4.660000000000000000e+02
9.760000000000000000e+02,4.650000000000000000e+02
9.780000000000000000e+02,4.630000000000000000e+02
9.780000000000000000e+02,4.620000000000000000e+02
9.830000000000000000e+02,4.570000000000000000e+02
9.840000000000000000e+02,4.570000000000000000e+02
9.850000000000000000e+02,4.560000000000000000e+02
9.860000000000000000e+02,4.560000000000000000e+02
9.880000000000000000e+02,4.540000000000000000e+02
9.890000000000000000e+02,4.540000000000000000e+02
9.900000000000000000e+02,4.530000000000000000e+02
9.910000000000000000e+02,4.530000000000000000e+02
9.920000000000000000e+02,4.520000000000000000e+02
9.930000000000000000e+02,4.520000000000000000e+02
9.950000000000000000e+02,4.500000000000000000e+02
9.960000000000000000e+02,4.500000000000000000e+02
9.970000000000000000e+02,4.490000000000000000e+02
9.990000000000000000e+02,4.490000000000000000e+02
1.000000000000000000e+03,4.480000000000000000e+02
1.030000000000000000e+03,4.480000000000000000e+02
1.031000000000000000e+03,4.490000000000000000e+02
1.041000000000000000e+03,4.490000000000000000e+02
1.042000000000000000e+03,4.500000000000000000e+02
1.045000000000000000e+03,4.500000000000000000e+02
1.046000000000000000e+03,4.510000000000000000e+02
1.048000000000000000e+03,4.510000000000000000e+02
1.049000000000000000e+03,4.520000000000000000e+02
1.052000000000000000e+03,4.520000000000000000e+02
1.053000000000000000e+03,4.530000000000000000e+02
1.056000000000000000e+03,4.530000000000000000e+02
1.057000000000000000e+03,4.540000000000000000e+02
1.076000000000000000e+03,4.540000000000000000e+02
1.077000000000000000e+03,4.550000000000000000e+02
1.097000000000000000e+03,4.550000000000000000e+02
1.098000000000000000e+03,4.560000000000000000e+02
1.116000000000000000e+03,4.560000000000000000e+02
1.117000000000000000e+03,4.570000000000000000e+02
1.124000000000000000e+03,4.570000000000000000e+02
1.125000000000000000e+03,4.580000000000000000e+02
1.130000000000000000e+03,4.580000000000000000e+02
1.131000000000000000e+03,4.590000000000000000e+02
1.134000000000000000e+03,4.590000000000000000e+02
1.135000000000000000e+03,4.600000000000000000e+02
1.138000000000000000e+03,4.600000000000000000e+02
1.139000000000000000e+03,4.610000000000000000e+02
1.140000000000000000e+03,4.610000000000000000e+02
1.141000000000000000e+03,4.620000000000000000e+02
1.142000000000000000e+03,4.620000000000000000e+02
1.143000000000000000e+03,4.630000000000000000e+02
1.145000000000000000e+03,4.630000000000000000e+02
1.146000000000000000e+03,4.640000000000000000e+02
1.147000000000000000e+03,4.640000000000000000e+02
1.148000000000000000e+03,4.650000000000000000e+02
1.149000000000000000e+03,4.650000000000000000e+02
1.150000000000000000e+03,4.660000000000000000e+02
1.162000000000000000e+03,4.660000000000000000e+02
1.163000000000000000e+03,4.670000000000000000e+02
1.170000000000000000e+03,4.670000000000000000e+02
1.171000000000000000e+03,4.660000000000000000e+02
1.173000000000000000e+03,4.660000000000000000e+02
1.174000000000000000e+03,4.650000000000000000e+02
1.175000000000000000e+03,4.650000000000000000e+02
1.176000000000000000e+03,4.640000000000000000e+02
1.177000000000000000e+03,4.640000000000000000e+02
1.178000000000000000e+03,4.630000000000000000e+02
1.179000000000000000e+03,4.630000000000000000e+02
1.180000000000000000e+03,4.620000000000000000e+02
1.181000000000000000e+03,4.620000000000000000e+02
1.183000000000000000e+03,4.600000000000000000e+02
1.185000000000000000e+03,4.600000000000000000e+02
1.186000000000000000e+03,4.590000000000000000e+02
1.194000000000000000e+03,4.590000000000000000e+02
1.195000000000000000e+03,4.600000000000000000e+02
1.197000000000000000e+03,4.600000000000000000e+02
1.198000000000000000e+03,4.610000000000000000e+02
1.198000000000000000e+03,4.620000000000000000e+02
1.199000000000000000e+03,4.630000000000000000e+02
1.199000000000000000e+03,4.640000000000000000e+02
1.200000000000000000e+03,4.650000000000000000e+02
1.200000000000000000e+03,4.690000000000000000e+02
1.198000000000000000e+03,4.710000000000000000e+02
1.197000000000000000e+03,4.710000000000000000e+02
1.196000000000000000e+03,4.720000000000000000e+02
1.194000000000000000e+03,4.720000000000000000e+02
1.193000000000000000e+03,4.730000000000000000e+02
1.191000000000000000e+03,4.730000000000000000e+02
1.190000000000000000e+03,4.740000000000000000e+02
1.175000000000000000e+03,4.740000000000000000e+02
1.174000000000000000e+03,4.730000000000000000e+02
1.169000000000000000e+03,4.730000000000000000e+02
1.168000000000000000e+03,4.740000000000000000e+02
1.167000000000000000e+03,4.740000000000000000e+02
1.165000000000000000e+03,4.760000000000000000e+02
1.164000000000000000e+03,4.760000000000000000e+02
1.163000000000000000e+03,4.770000000000000000e+02
1.163000000000000000e+03,4.780000000000000000e+02
1.162000000000000000e+03,4.790000000000000000e+02
1.162000000000000000e+03,4.820000000000000000e+02
1.161000000000000000e+03,4.830000000000000000e+02
1.161000000000000000e+03,4.880000000000000000e+02
1.162000000000000000e+03,4.890000000000000000e+02
1.162000000000000000e+03,4.900000000000000000e+02
1.166000000000000000e+03,4.940000000000000000e+02
1.167000000000000000e+03,4.940000000000000000e+02
1.169000000000000000e+03,4.960000000000000000e+02
1.188000000000000000e+03,4.960000000000000000e+02
1.189000000000000000e+03,4.970000000000000000e+02
1.187000000000000000e+03,4.990000000000000000e+02
1.170000000000000000e+03,4.990000000000000000e+02
1.167000000000000000e+03,5.020000000000000000e+02
1.167000000000000000e+03,5.030000000000000000e+02
1.164000000000000000e+03,5.060000000000000000e+02
1.163000000000000000e+03,5.060000000000000000e+02
1.162000000000000000e+03,5.070000000000000000e+02
1.161000000000000000e+03,5.070000000000000000e+02
1.160000000000000000e+03,5.080000000000000000e+02
1.158000000000000000e+03,5.080000000000000000e+02
1.157000000000000000e+03,5.090000000000000000e+02
1.156000000000000000e+03,5.090000000000000000e+02
1.155000000000000000e+03,5.100000000000000000e+02
1.154000000000000000e+03,5.100000000000000000e+02
1.153000000000000000e+03,5.110000000000000000e+02
1.152000000000000000e+03,5.110000000000000000e+02
1.147000000000000000e+03,5.160000000000000000e+02
1.147000000000000000e+03,5.210000000000000000e+02
1.146000000000000000e+03,5.220000000000000000e+02
1.146000000000000000e+03,5.410000000000000000e+02
1.145000000000000000e+03,5.420000000000000000e+02
1.145000000000000000e+03,5.430000000000000000e+02
1.146000000000000000e+03,5.440000000000000000e+02
1.146000000000000000e+03,5.550000000000000000e+02
1.145000000000000000e+03,5.560000000000000000e+02
1.145000000000000000e+03,5.610000000000000000e+02
1.146000000000000000e+03,5.620000000000000000e+02
1.148000000000000000e+03,5.620000000000000000e+02
1.149000000000000000e+03,5.630000000000000000e+02
1.154000000000000000e+03,5.630000000000000000e+02
1.155000000000000000e+03,5.640000000000000000e+02
1.166000000000000000e+03,5.640000000000000000e+02
1.167000000000000000e+03,5.650000000000000000e+02
1.195000000000000000e+03,5.650000000000000000e+02
1.196000000000000000e+03,5.640000000000000000e+02
1.221000000000000000e+03,5.640000000000000000e+02
1.222000000000000000e+03,5.630000000000000000e+02
1.227000000000000000e+03,5.630000000000000000e+02
1.228000000000000000e+03,5.620000000000000000e+02
1.229000000000000000e+03,5.620000000000000000e+02
1.230000000000000000e+03,5.610000000000000000e+02
1.230000000000000000e+03,5.360000000000000000e+02
1.231000000000000000e+03,5.350000000000000000e+02
1.231000000000000000e+03,5.280000000000000000e+02
1.232000000000000000e+03,5.270000000000000000e+02
1.232000000000000000e+03,5.140000000000000000e+02
1.231000000000000000e+03,5.130000000000000000e+02
1.231000000000000000e+03,5.110000000000000000e+02
1.230000000000000000e+03,5.100000000000000000e+02
1.230000000000000000e+03,5.090000000000000000e+02
1.229000000000000000e+03,5.080000000000000000e+02
1.229000000000000000e+03,5.070000000000000000e+02
1.228000000000000000e+03,5.060000000000000000e+02
1.228000000000000000e+03,4.960000000000000000e+02
1.229000000000000000e+03,4.950000000000000000e+02
1.229000000000000000e+03,4.930000000000000000e+02
1.230000000000000000e+03,4.920000000000000000e+02
1.230000000000000000e+03,4.910000000000000000e+02
1.231000000000000000e+03,4.900000000000000000e+02
1.231000000000000000e+03,4.810000000000000000e+02
1.232000000000000000e+03,4.800000000000000000e+02
1.232000000000000000e+03,4.790000000000000000e+02
1.231000000000000000e+03,4.780000000000000000e+02
1.231000000000000000e+03,4.760000000000000000e+02
1.230000000000000000e+03,4.750000000000000000e+02
1.230000000000000000e+03,4.740000000000000000e+02
1.229000000000000000e+03,4.730000000000000000e+02
1.229000000000000000e+03,4.720000000000000000e+02
1.228000000000000000e+03,4.710000000000000000e+02
1.228000000000000000e+03,4.700000000000000000e+02
1.227000000000000000e+03,4.690000000000000000e+02
1.227000000000000000e+03,4.600000000000000000e+02
1.225000000000000000e+03,4.580000000000000000e+02
1.217000000000000000e+03,4.580000000000000000e+02
1.216000000000000000e+03,4.570000000000000000e+02
1.212000000000000000e+03,4.570000000000000000e+02
1.211000000000000000e+03,4.560000000000000000e+02
1.208000000000000000e+03,4.560000000000000000e+02
1.207000000000000000e+03,4.550000000000000000e+02
1.206000000000000000e+03,4.550000000000000000e+02
1.204000000000000000e+03,4.530000000000000000e+02
1.204000000000000000e+03,4.510000000000000000e+02
1.205000000000000000e+03,4.500000000000000000e+02
1.206000000000000000e+03,4.500000000000000000e+02
1.207000000000000000e+03,4.490000000000000000e+02
1.208000000000000000e+03,4.490000000000000000e+02
1.209000000000000000e+03,4.480000000000000000e+02
1.210000000000000000e+03,4.480000000000000000e+02
1.211000000000000000e+03,4.470000000000000000e+02
1.212000000000000000e+03,4.470000000000000000e+02
1.219000000000000000e+03,4.400000000000000000e+02
1.219000000000000000e+03,4.390000000000000000e+02
1.227000000000000000e+03,4.310000000000000000e+02
1.227000000000000000e+03,4.300000000000000000e+02
1.228000000000000000e+03,4.290000000000000000e+02
1.228000000000000000e+03,4.270000000000000000e+02
1.229000000000000000e+03,4.260000000000000000e+02
1.229000000000000000e+03,4.250000000000000000e+02
1.230000000000000000e+03,4.240000000000000000e+02
1.230000000000000000e+03,4.220000000000000000e+02
1.231000000000000000e+03,4.210000000000000000e+02
1.231000000000000000e+03,4.180000000000000000e+02
1.232000000000000000e+03,4.170000000000000000e+02
1.232000000000000000e+03,3.950000000000000000e+02
1.231000000000000000e+03,3.940000000000000000e+02
1.231000000000000000e+03,3.920000000000000000e+02
1.230000000000000000e+03,3.910000000000000000e+02
1.230000000000000000e+03,3.900000000000000000e+02
1.229000000000000000e+03,3.890000000000000000e+02
1.229000000000000000e+03,3.870000000000000000e+02
1.227000000000000000e+03,3.850000000000000000e+02
1.227000000000000000e+03,3.840000000000000000e+02
1.223000000000000000e+03,3.800000000000000000e+02
1.223000000000000000e+03,3.790000000000000000e+02
1.221000000000000000e+03,3.770000000000000000e+02
1.221000000000000000e+03,3.760000000000000000e+02
1.220000000000000000e+03,3.750000000000000000e+02
1.220000000000000000e+03,3.740000000000000000e+02
1.218000000000000000e+03,3.720000000000000000e+02
1.218000000000000000e+03,3.700000000000000000e+02
1.217000000000000000e+03,3.690000000000000000e+02
1.217000000000000000e+03,3.680000000000000000e+02
1.216000000000000000e+03,3.670000000000000000e+02
1.216000000000000000e+03,3.660000000000000000e+02
1.208000000000000000e+03,3.580000000000000000e+02
1.207000000000000000e+03,3.580000000000000000e+02
1.206000000000000000e+03,3.570000000000000000e+02
1.204000000000000000e+03,3.570000000000000000e+02
1.203000000000000000e+03,3.560000000000000000e+02
1.202000000000000000e+03,3.560000000000000000e+02
1.201000000000000000e+03,3.550000000000000000e+02
1.200000000000000000e+03,3.550000000000000000e+02
1.199000000000000000e+03,3.540000000000000000e+02
1.198000000000000000e+03,3.540000000000000000e+02
1.197000000000000000e+03,3.530000000000000000e+02
1.196000000000000000e+03,3.530000000000000000e+02
1.195000000000000000e+03,3.520000000000000000e+02
1.194000000000000000e+03,3.520000000000000000e+02
1.193000000000000000e+03,3.510000000000000000e+02
1.192000000000000000e+03,3.510000000000000000e+02
1.191000000000000000e+03,3.500000000000000000e+02
1.190000000000000000e+03,3.500000000000000000e+02
1.189000000000000000e+03,3.490000000000000000e+02
1.182000000000000000e+03,3.490000000000000000e+02
1.181000000000000000e+03,3.500000000000000000e+02
1.172000000000000000e+03,3.500000000000000000e+02
1.171000000000000000e+03,3.510000000000000000e+02
1.167000000000000000e+03,3.510000000000000000e+02
1.166000000000000000e+03,3.520000000000000000e+02
1.164000000000000000e+03,3.520000000000000000e+02
1.163000000000000000e+03,3.530000000000000000e+02
1.159000000000000000e+03,3.530000000000000000e+02
1.158000000000000000e+03,3.540000000000000000e+02
1.153000000000000000e+03,3.540000000000000000e+02
1.152000000000000000e+03,3.550000000000000000e+02
1.142000000000000000e+03,3.550000000000000000e+02
1.141000000000000000e+03,3.560000000000000000e+02
1.121000000000000000e+03,3.560000000000000000e+02
1.120000000000000000e+03,3.550000000000000000e+02
1.095000000000000000e+03,3.550000000000000000e+02
1.094000000000000000e+03,3.540000000000000000e+02
1.033000000000000000e+03,3.540000000000000000e+02
1.032000000000000000e+03,3.530000000000000000e+02
1.014000000000000000e+03,3.530000000000000000e+02
1.013000000000000000e+03,3.520000000000000000e+02
1.005000000000000000e+03,3.520000000000000000e+02
1.004000000000000000e+03,3.510000000000000000e+02
9.980000000000000000e+02,3.510000000000000000e+02
9.970000000000000000e+02,3.500000000000000000e+02
9.920000000000000000e+02,3.500000000000000000e+02
9.910000000000000000e+02,3.490000000000000000e+02
9.860000000000000000e+02,3.490000000000000000e+02
9.850000000000000000e+02,3.480000000000000000e+02
9.780000000000000000e+02,3.480000000000000000e+02
9.770000000000000000e+02,3.470000000000000000e+02
9.690000000000000000e+02,3.470000000000000000e+02
9.680000000000000000e+02,3.460000000000000000e+02
9.520000000000000000e+02,3.460000000000000000e+02
9.510000000000000000e+02,3.450000000000000000e+02
9.070000000000000000e+02,3.450000000000000000e+02
9.060000000000000000e+02,3.440000000000000000e+02
8.840000000000000000e+02,3.440000000000000000e+02
8.830000000000000000e+02,3.430000000000000000e+02
8.730000000000000000e+02,3.430000000000000000e+02
8.720000000000000000e+02,3.420000000000000000e+02
8.680000000000000000e+02,3.420000000000000000e+02
8.670000000000000000e+02,3.410000000000000000e+02
8.640000000000000000e+02,3.410000000000000000e+02
8.630000000000000000e+02,3.400000000000000000e+02
8.610000000000000000e+02,3.400000000000000000e+02
8.600000000000000000e+02,3.390000000000000000e+02
8.580000000000000000e+02,3.390000000000000000e+02
8.570000000000000000e+02,3.380000000000000000e+02
8.540000000000000000e+02,3.380000000000000000e+02
8.530000000000000000e+02,3.370000000000000000e+02
8.360000000000000000e+02,3.370000000000000000e+02
8.350000000000000000e+02,3.360000000000000000e+02
8.230000000000000000e+02,3.360000000000000000e+02
8.220000000000000000e+02,3.350000000000000000e+02
8.130000000000000000e+02,3.350000000000000000e+02
8.120000000000000000e+02,3.340000000000000000e+02
8.070000000000000000e+02,3.340000000000000000e+02
8.060000000000000000e+02,3.330000000000000000e+02
8.020000000000000000e+02,3.330000000000000000e+02
8.010000000000000000e+02,3.320000000000000000e+02
7.990000000000000000e+02,3.320000000000000000e+02
7.980000000000000000e+02,3.310000000000000000e+02
7.950000000000000000e+02,3.310000000000000000e+02
7.940000000000000000e+02,3.300000000000000000e+02
7.880000000000000000e+02,3.300000000000000000e+02
7.870000000000000000e+02,3.290000000000000000e+02
7.840000000000000000e+02,3.290000000000000000e+02
7.830000000000000000e+02,3.280000000000000000e+02
7.810000000000000000e+02,3.280000000000000000e+02
7.780000000000000000e+02,3.250000000000000000e+02
7.750000000000000000e+02,3.250000000000000000e+02
7.740000000000000000e+02,3.240000000000000000e+02
7.710000000000000000e+02,3.240000000000000000e+02
7.700000000000000000e+02,3.230000000000000000e+02
7.670000000000000000e+02,3.230000000000000000e+02
7.660000000000000000e+02,3.220000000000000000e+02
7.640000000000000000e+02,3.220000000000000000e+02
7.630000000000000000e+02,3.210000000000000000e+02
7.620000000000000000e+02,3.210000000000000000e+02
7.610000000000000000e+02,3.200000000000000000e+02
7.590000000000000000e+02,3.200000000000000000e+02
7.580000000000000000e+02,3.190000000000000000e+02
7.560000000000000000e+02,3.190000000000000000e+02
7.530000000000000000e+02,3.160000000000000000e+02
7.530000000000000000e+02,3.140000000000000000e+02
7.520000000000000000e+02,3.130000000000000000e+02
7.500000000000000000e+02,3.130000000000000000e+02
7.490000000000000000e+02,3.120000000000000000e+02
