8.250000000000000000e+02,3.790000000000000000e+02
8.260000000000000000e+02,3.780000000000000000e+02
8.290000000000000000e+02,3.780000000000000000e+02
8.300000000000000000e+02,3.790000000000000000e+02
8.300000000000000000e+02,3.800000000000000000e+02
8.310000000000000000e+02,3.810000000000000000e+02
8.310000000000000000e+02,3.820000000000000000e+02
8.320000000000000000e+02,3.830000000000000000e+02
8.320000000000000000e+02,3.840000000000000000e+02
8.300000000000000000e+02,3.860000000000000000e+02
8.260000000000000000e+02,3.860000000000000000e+02
8.250000000000000000e+02,3.850000000000000000e+02
8.240000000000000000e+02,3.850000000000000000e+02
8.230000000000000000e+02,3.840000000000000000e+02
8.230000000000000000e+02,3.830000000000000000e+02
8.240000000000000000e+02,3.820000000000000000e+02
8.240000000000000000e+02,3.810000000000000000e+02
8.250000000000000000e+02,3.800000000000000000e+02
