8.550000000000000000e+02,3.620000000000000000e+02
8.570000000000000000e+02,3.620000000000000000e+02
8.580000000000000000e+02,3.630000000000000000e+02
8.600000000000000000e+02,3.630000000000000000e+02
8.630000000000000000e+02,3.660000000000000000e+02
8.630000000000000000e+02,3.670000000000000000e+02
8.640000000000000000e+02,3.680000000000000000e+02
8.640000000000000000e+02,3.720000000000000000e+02
8.610000000000000000e+02,3.750000000000000000e+02
8.600000000000000000e+02,3.750000000000000000e+02
8.590000000000000000e+02,3.760000000000000000e+02
8.580000000000000000e+02,3.760000000000000000e+02
8.570000000000000000e+02,3.770000000000000000e+02
8.510000000000000000e+02,3.770000000000000000e+02
8.500000000000000000e+02,3.760000000000000000e+02
8.490000000000000000e+02,3.760000000000000000e+02
8.470000000000000000e+02,3.740000000000000000e+02
8.470000000000000000e+02,3.730000000000000000e+02
8.460000000000000000e+02,3.720000000000000000e+02
8.530000000000000000e+02,3.650000000000000000e+02
8.530000000000000000e+02,3.640000000000000000e+02
