8.260000000000000000e+02,3.490000000000000000e+02
8.270000000000000000e+02,3.480000000000000000e+02
8.290000000000000000e+02,3.480000000000000000e+02
8.300000000000000000e+02,3.490000000000000000e+02
8.300000000000000000e+02,3.520000000000000000e+02
8.310000000000000000e+02,3.530000000000000000e+02
8.310000000000000000e+02,3.570000000000000000e+02
8.300000000000000000e+02,3.580000000000000000e+02
8.290000000000000000e+02,3.580000000000000000e+02
8.280000000000000000e+02,3.570000000000000000e+02
8.250000000000000000e+02,3.570000000000000000e+02
8.240000000000000000e+02,3.560000000000000000e+02
8.230000000000000000e+02,3.560000000000000000e+02
8.220000000000000000e+02,3.550000000000000000e+02
8.220000000000000000e+02,3.500000000000000000e+02
8.230000000000000000e+02,3.490000000000000000e+02
