7.500000000000000000e+02,4.320000000000000000e+02
7.510000000000000000e+02,4.310000000000000000e+02
7.530000000000000000e+02,4.310000000000000000e+02
7.550000000000000000e+02,4.330000000000000000e+02
7.550000000000000000e+02,4.400000000000000000e+02
7.540000000000000000e+02,4.410000000000000000e+02
7.540000000000000000e+02,4.430000000000000000e+02
7.530000000000000000e+02,4.440000000000000000e+02
7.520000000000000000e+02,4.430000000000000000e+02
7.490000000000000000e+02,4.430000000000000000e+02
7.480000000000000000e+02,4.420000000000000000e+02
7.450000000000000000e+02,4.420000000000000000e+02
7.440000000000000000e+02,4.410000000000000000e+02
7.430000000000000000e+02,4.410000000000000000e+02
7.420000000000000000e+02,4.400000000000000000e+02
7.420000000000000000e+02,4.360000000000000000e+02
7.410000000000000000e+02,4.350000000000000000e+02
7.410000000000000000e+02,4.340000000000000000e+02
7.420000000000000000e+02,4.330000000000000000e+02
7.440000000000000000e+02,4.330000000000000000e+02
7.450000000000000000e+02,4.320000000000000000e+02
