1.710000000000000000e+02,2.370000000000000000e+02
1.720000000000000000e+02,2.360000000000000000e+02
1.730000000000000000e+02,2.370000000000000000e+02
1.730000000000000000e+02,2.380000000000000000e+02
1.740000000000000000e+02,2.390000000000000000e+02
1.740000000000000000e+02,2.410000000000000000e+02
1.750000000000000000e+02,2.420000000000000000e+02
1.750000000000000000e+02,2.430000000000000000e+02
1.760000000000000000e+02,2.440000000000000000e+02
1.750000000000000000e+02,2.450000000000000000e+02
1.610000000000000000e+02,2.450000000000000000e+02
1.600000000000000000e+02,2.440000000000000000e+02
1.620000000000000000e+02,2.420000000000000000e+02
1.630000000000000000e+02,2.420000000000000000e+02
1.680000000000000000e+02,2.370000000000000000e+02
