3.300000000000000000e+02,5.810000000000000000e+02
3.290000000000000000e+02,5.820000000000000000e+02
3.250000000000000000e+02,5.820000000000000000e+02
3.240000000000000000e+02,5.830000000000000000e+02
3.200000000000000000e+02,5.830000000000000000e+02
3.190000000000000000e+02,5.840000000000000000e+02
3.160000000000000000e+02,5.840000000000000000e+02
3.150000000000000000e+02,5.850000000000000000e+02
3.110000000000000000e+02,5.850000000000000000e+02
3.100000000000000000e+02,5.860000000000000000e+02
3.090000000000000000e+02,5.860000000000000000e+02
3.050000000000000000e+02,5.900000000000000000e+02
3.050000000000000000e+02,5.910000000000000000e+02
3.060000000000000000e+02,5.920000000000000000e+02
3.060000000000000000e+02,5.930000000000000000e+02
3.070000000000000000e+02,5.940000000000000000e+02
3.070000000000000000e+02,5.950000000000000000e+02
3.110000000000000000e+02,5.990000000000000000e+02
3.120000000000000000e+02,5.990000000000000000e+02
3.130000000000000000e+02,6.000000000000000000e+02
3.140000000000000000e+02,6.000000000000000000e+02
3.150000000000000000e+02,6.010000000000000000e+02
3.370000000000000000e+02,6.010000000000000000e+02
3.380000000000000000e+02,6.000000000000000000e+02
3.390000000000000000e+02,6.000000000000000000e+02
3.400000000000000000e+02,5.990000000000000000e+02
3.410000000000000000e+02,5.990000000000000000e+02
3.430000000000000000e+02,5.970000000000000000e+02
3.430000000000000000e+02,5.960000000000000000e+02
3.440000000000000000e+02,5.950000000000000000e+02
3.440000000000000000e+02,5.840000000000000000e+02
3.420000000000000000e+02,5.820000000000000000e+02
3.410000000000000000e+02,5.820000000000000000e+02
3.400000000000000000e+02,5.810000000000000000e+02
