4.600000000000000000e+01,3.910000000000000000e+02
4.500000000000000000e+01,3.920000000000000000e+02
4.300000000000000000e+01,3.920000000000000000e+02
4.000000000000000000e+01,3.950000000000000000e+02
4.000000000000000000e+01,3.980000000000000000e+02
4.100000000000000000e+01,3.990000000000000000e+02
5.200000000000000000e+01,3.990000000000000000e+02
5.400000000000000000e+01,4.010000000000000000e+02
5.400000000000000000e+01,4.020000000000000000e+02
5.500000000000000000e+01,4.030000000000000000e+02
5.500000000000000000e+01,4.040000000000000000e+02
5.600000000000000000e+01,4.050000000000000000e+02
5.800000000000000000e+01,4.050000000000000000e+02
5.900000000000000000e+01,4.060000000000000000e+02
6.400000000000000000e+01,4.060000000000000000e+02
6.500000000000000000e+01,4.050000000000000000e+02
6.500000000000000000e+01,4.040000000000000000e+02
6.400000000000000000e+01,4.030000000000000000e+02
6.300000000000000000e+01,4.030000000000000000e+02
6.200000000000000000e+01,4.020000000000000000e+02
6.100000000000000000e+01,4.020000000000000000e+02
6.000000000000000000e+01,4.010000000000000000e+02
6.000000000000000000e+01,4.000000000000000000e+02
5.900000000000000000e+01,3.990000000000000000e+02
5.900000000000000000e+01,3.940000000000000000e+02
5.700000000000000000e+01,3.920000000000000000e+02
5.500000000000000000e+01,3.920000000000000000e+02
5.400000000000000000e+01,3.910000000000000000e+02
