2.160000000000000000e+02,3.740000000000000000e+02
2.130000000000000000e+02,3.770000000000000000e+02
2.130000000000000000e+02,3.820000000000000000e+02
2.140000000000000000e+02,3.830000000000000000e+02
2.140000000000000000e+02,3.940000000000000000e+02
2.130000000000000000e+02,3.950000000000000000e+02
2.130000000000000000e+02,3.980000000000000000e+02
2.120000000000000000e+02,3.990000000000000000e+02
2.120000000000000000e+02,4.050000000000000000e+02
2.110000000000000000e+02,4.060000000000000000e+02
2.130000000000000000e+02,4.080000000000000000e+02
2.210000000000000000e+02,4.080000000000000000e+02
2.220000000000000000e+02,4.070000000000000000e+02
2.230000000000000000e+02,4.070000000000000000e+02
2.240000000000000000e+02,4.060000000000000000e+02
2.240000000000000000e+02,3.940000000000000000e+02
2.230000000000000000e+02,3.930000000000000000e+02
2.230000000000000000e+02,3.910000000000000000e+02
2.220000000000000000e+02,3.900000000000000000e+02
2.220000000000000000e+02,3.790000000000000000e+02
2.230000000000000000e+02,3.780000000000000000e+02
2.230000000000000000e+02,3.760000000000000000e+02
2.210000000000000000e+02,3.740000000000000000e+02
