9.280000000000000000e+02,3.630000000000000000e+02
9.270000000000000000e+02,3.640000000000000000e+02
9.250000000000000000e+02,3.640000000000000000e+02
9.240000000000000000e+02,3.650000000000000000e+02
9.240000000000000000e+02,3.660000000000000000e+02
9.210000000000000000e+02,3.690000000000000000e+02
9.210000000000000000e+02,3.710000000000000000e+02
9.200000000000000000e+02,3.720000000000000000e+02
9.200000000000000000e+02,3.790000000000000000e+02
9.210000000000000000e+02,3.800000000000000000e+02
9.210000000000000000e+02,3.810000000000000000e+02
9.270000000000000000e+02,3.870000000000000000e+02
9.270000000000000000e+02,3.880000000000000000e+02
9.290000000000000000e+02,3.900000000000000000e+02
9.290000000000000000e+02,3.910000000000000000e+02
9.320000000000000000e+02,3.940000000000000000e+02
9.320000000000000000e+02,3.950000000000000000e+02
9.360000000000000000e+02,3.990000000000000000e+02
9.370000000000000000e+02,3.990000000000000000e+02
9.380000000000000000e+02,4.000000000000000000e+02
9.390000000000000000e+02,4.000000000000000000e+02
9.420000000000000000e+02,4.030000000000000000e+02
9.420000000000000000e+02,4.040000000000000000e+02
9.440000000000000000e+02,4.060000000000000000e+02
9.440000000000000000e+02,4.080000000000000000e+02
9.460000000000000000e+02,4.100000000000000000e+02
9.460000000000000000e+02,4.110000000000000000e+02
9.500000000000000000e+02,4.150000000000000000e+02
9.500000000000000000e+02,4.160000000000000000e+02
9.510000000000000000e+02,4.170000000000000000e+02
9.540000000000000000e+02,4.170000000000000000e+02
9.550000000000000000e+02,4.160000000000000000e+02
9.570000000000000000e+02,4.160000000000000000e+02
9.610000000000000000e+02,4.120000000000000000e+02
9.610000000000000000e+02,4.110000000000000000e+02
9.620000000000000000e+02,4.100000000000000000e+02
9.620000000000000000e+02,4.040000000000000000e+02
9.610000000000000000e+02,4.030000000000000000e+02
9.610000000000000000e+02,4.020000000000000000e+02
9.590000000000000000e+02,4.000000000000000000e+02
9.590000000000000000e+02,3.990000000000000000e+02
9.500000000000000000e+02,3.900000000000000000e+02
9.490000000000000000e+02,3.900000000000000000e+02
9.460000000000000000e+02,3.870000000000000000e+02
9.450000000000000000e+02,3.870000000000000000e+02
9.420000000000000000e+02,3.840000000000000000e+02
9.420000000000000000e+02,3.830000000000000000e+02
9.410000000000000000e+02,3.820000000000000000e+02
9.410000000000000000e+02,3.800000000000000000e+02
9.390000000000000000e+02,3.780000000000000000e+02
9.390000000000000000e+02,3.760000000000000000e+02
9.360000000000000000e+02,3.730000000000000000e+02
9.360000000000000000e+02,3.720000000000000000e+02
9.340000000000000000e+02,3.700000000000000000e+02
9.340000000000000000e+02,3.690000000000000000e+02
9.330000000000000000e+02,3.680000000000000000e+02
9.320000000000000000e+02,3.680000000000000000e+02
9.300000000000000000e+02,3.660000000000000000e+02
9.300000000000000000e+02,3.640000000000000000e+02
9.290000000000000000e+02,3.630000000000000000e+02
