1.870000000000000000e+02,3.940000000000000000e+02
1.860000000000000000e+02,3.950000000000000000e+02
1.850000000000000000e+02,3.950000000000000000e+02
1.840000000000000000e+02,3.960000000000000000e+02
1.840000000000000000e+02,3.970000000000000000e+02
1.830000000000000000e+02,3.980000000000000000e+02
1.830000000000000000e+02,4.120000000000000000e+02
1.820000000000000000e+02,4.130000000000000000e+02
1.820000000000000000e+02,4.170000000000000000e+02
1.810000000000000000e+02,4.180000000000000000e+02
1.810000000000000000e+02,4.240000000000000000e+02
1.800000000000000000e+02,4.250000000000000000e+02
1.800000000000000000e+02,4.270000000000000000e+02
1.780000000000000000e+02,4.290000000000000000e+02
1.780000000000000000e+02,4.310000000000000000e+02
1.770000000000000000e+02,4.320000000000000000e+02
1.770000000000000000e+02,4.340000000000000000e+02
1.760000000000000000e+02,4.350000000000000000e+02
1.760000000000000000e+02,4.500000000000000000e+02
1.770000000000000000e+02,4.510000000000000000e+02
1.770000000000000000e+02,4.590000000000000000e+02
1.780000000000000000e+02,4.600000000000000000e+02
1.780000000000000000e+02,4.700000000000000000e+02
1.790000000000000000e+02,4.710000000000000000e+02
1.790000000000000000e+02,4.840000000000000000e+02
1.800000000000000000e+02,4.850000000000000000e+02
1.800000000000000000e+02,4.860000000000000000e+02
1.820000000000000000e+02,4.880000000000000000e+02
1.900000000000000000e+02,4.880000000000000000e+02
1.910000000000000000e+02,4.870000000000000000e+02
1.990000000000000000e+02,4.870000000000000000e+02
2.010000000000000000e+02,4.850000000000000000e+02
2.010000000000000000e+02,4.830000000000000000e+02
2.020000000000000000e+02,4.820000000000000000e+02
2.020000000000000000e+02,4.480000000000000000e+02
2.010000000000000000e+02,4.470000000000000000e+02
2.010000000000000000e+02,4.370000000000000000e+02
2.000000000000000000e+02,4.360000000000000000e+02
2.000000000000000000e+02,4.310000000000000000e+02
1.990000000000000000e+02,4.300000000000000000e+02
1.990000000000000000e+02,4.290000000000000000e+02
1.980000000000000000e+02,4.280000000000000000e+02
1.980000000000000000e+02,4.270000000000000000e+02
1.950000000000000000e+02,4.240000000000000000e+02
1.950000000000000000e+02,4.180000000000000000e+02
1.940000000000000000e+02,4.170000000000000000e+02
1.940000000000000000e+02,4.130000000000000000e+02
1.930000000000000000e+02,4.120000000000000000e+02
1.930000000000000000e+02,4.110000000000000000e+02
1.920000000000000000e+02,4.100000000000000000e+02
1.920000000000000000e+02,4.070000000000000000e+02
1.910000000000000000e+02,4.060000000000000000e+02
1.910000000000000000e+02,3.960000000000000000e+02
1.900000000000000000e+02,3.950000000000000000e+02
1.890000000000000000e+02,3.950000000000000000e+02
1.880000000000000000e+02,3.940000000000000000e+02
