2.740000000000000000e+02,3.570000000000000000e+02
2.730000000000000000e+02,3.580000000000000000e+02
2.720000000000000000e+02,3.580000000000000000e+02
2.700000000000000000e+02,3.600000000000000000e+02
2.700000000000000000e+02,3.620000000000000000e+02
2.710000000000000000e+02,3.630000000000000000e+02
2.710000000000000000e+02,3.640000000000000000e+02
2.720000000000000000e+02,3.650000000000000000e+02
2.720000000000000000e+02,3.660000000000000000e+02
2.750000000000000000e+02,3.690000000000000000e+02
2.760000000000000000e+02,3.690000000000000000e+02
2.770000000000000000e+02,3.700000000000000000e+02
2.780000000000000000e+02,3.700000000000000000e+02
2.790000000000000000e+02,3.710000000000000000e+02
2.800000000000000000e+02,3.710000000000000000e+02
2.810000000000000000e+02,3.720000000000000000e+02
2.830000000000000000e+02,3.720000000000000000e+02
2.840000000000000000e+02,3.730000000000000000e+02
2.860000000000000000e+02,3.730000000000000000e+02
2.910000000000000000e+02,3.780000000000000000e+02
2.910000000000000000e+02,3.790000000000000000e+02
2.920000000000000000e+02,3.800000000000000000e+02
2.930000000000000000e+02,3.800000000000000000e+02
2.940000000000000000e+02,3.810000000000000000e+02
2.980000000000000000e+02,3.810000000000000000e+02
2.990000000000000000e+02,3.800000000000000000e+02
3.010000000000000000e+02,3.800000000000000000e+02
3.020000000000000000e+02,3.790000000000000000e+02
3.040000000000000000e+02,3.790000000000000000e+02
3.050000000000000000e+02,3.780000000000000000e+02
3.070000000000000000e+02,3.780000000000000000e+02
3.080000000000000000e+02,3.770000000000000000e+02
3.090000000000000000e+02,3.770000000000000000e+02
3.110000000000000000e+02,3.750000000000000000e+02
3.110000000000000000e+02,3.670000000000000000e+02
3.080000000000000000e+02,3.640000000000000000e+02
3.050000000000000000e+02,3.640000000000000000e+02
3.040000000000000000e+02,3.650000000000000000e+02
3.050000000000000000e+02,3.660000000000000000e+02
3.040000000000000000e+02,3.670000000000000000e+02
2.990000000000000000e+02,3.670000000000000000e+02
2.980000000000000000e+02,3.660000000000000000e+02
2.990000000000000000e+02,3.650000000000000000e+02
2.990000000000000000e+02,3.640000000000000000e+02
2.980000000000000000e+02,3.630000000000000000e+02
2.980000000000000000e+02,3.620000000000000000e+02
2.990000000000000000e+02,3.610000000000000000e+02
3.000000000000000000e+02,3.610000000000000000e+02
3.010000000000000000e+02,3.600000000000000000e+02
3.000000000000000000e+02,3.590000000000000000e+02
2.990000000000000000e+02,3.590000000000000000e+02
2.980000000000000000e+02,3.580000000000000000e+02
2.960000000000000000e+02,3.580000000000000000e+02
2.950000000000000000e+02,3.590000000000000000e+02
2.950000000000000000e+02,3.600000000000000000e+02
2.960000000000000000e+02,3.610000000000000000e+02
2.960000000000000000e+02,3.630000000000000000e+02
2.950000000000000000e+02,3.640000000000000000e+02
2.900000000000000000e+02,3.640000000000000000e+02
2.840000000000000000e+02,3.580000000000000000e+02
2.810000000000000000e+02,3.580000000000000000e+02
2.800000000000000000e+02,3.570000000000000000e+02
