4.770000000000000000e+02,3.950000000000000000e+02
4.750000000000000000e+02,3.970000000000000000e+02
4.750000000000000000e+02,3.980000000000000000e+02
4.740000000000000000e+02,3.990000000000000000e+02
4.740000000000000000e+02,4.020000000000000000e+02
4.750000000000000000e+02,4.030000000000000000e+02
4.750000000000000000e+02,4.080000000000000000e+02
4.760000000000000000e+02,4.090000000000000000e+02
4.760000000000000000e+02,4.130000000000000000e+02
4.770000000000000000e+02,4.140000000000000000e+02
4.780000000000000000e+02,4.140000000000000000e+02
4.790000000000000000e+02,4.150000000000000000e+02
4.870000000000000000e+02,4.150000000000000000e+02
4.880000000000000000e+02,4.140000000000000000e+02
4.880000000000000000e+02,4.130000000000000000e+02
4.890000000000000000e+02,4.120000000000000000e+02
4.890000000000000000e+02,4.060000000000000000e+02
4.900000000000000000e+02,4.050000000000000000e+02
4.900000000000000000e+02,4.020000000000000000e+02
4.910000000000000000e+02,4.010000000000000000e+02
4.910000000000000000e+02,3.970000000000000000e+02
4.900000000000000000e+02,3.960000000000000000e+02
4.890000000000000000e+02,3.960000000000000000e+02
4.880000000000000000e+02,3.950000000000000000e+02
