1.690000000000000000e+02,4.070000000000000000e+02
1.670000000000000000e+02,4.090000000000000000e+02
1.670000000000000000e+02,4.200000000000000000e+02
1.680000000000000000e+02,4.210000000000000000e+02
1.680000000000000000e+02,4.270000000000000000e+02
1.670000000000000000e+02,4.280000000000000000e+02
1.670000000000000000e+02,4.310000000000000000e+02
1.660000000000000000e+02,4.320000000000000000e+02
1.660000000000000000e+02,4.400000000000000000e+02
1.670000000000000000e+02,4.410000000000000000e+02
1.670000000000000000e+02,4.430000000000000000e+02
1.690000000000000000e+02,4.450000000000000000e+02
1.700000000000000000e+02,4.450000000000000000e+02
1.710000000000000000e+02,4.460000000000000000e+02
1.730000000000000000e+02,4.460000000000000000e+02
1.740000000000000000e+02,4.450000000000000000e+02
1.760000000000000000e+02,4.450000000000000000e+02
1.780000000000000000e+02,4.430000000000000000e+02
1.780000000000000000e+02,4.320000000000000000e+02
1.770000000000000000e+02,4.310000000000000000e+02
1.770000000000000000e+02,4.280000000000000000e+02
1.760000000000000000e+02,4.270000000000000000e+02
1.760000000000000000e+02,4.150000000000000000e+02
1.770000000000000000e+02,4.140000000000000000e+02
1.770000000000000000e+02,4.100000000000000000e+02
1.760000000000000000e+02,4.090000000000000000e+02
1.760000000000000000e+02,4.080000000000000000e+02
1.750000000000000000e+02,4.070000000000000000e+02
