1.150000000000000000e+02,4.470000000000000000e+02
1.130000000000000000e+02,4.490000000000000000e+02
1.130000000000000000e+02,4.510000000000000000e+02
1.120000000000000000e+02,4.520000000000000000e+02
1.120000000000000000e+02,4.820000000000000000e+02
1.110000000000000000e+02,4.830000000000000000e+02
1.110000000000000000e+02,4.850000000000000000e+02
1.080000000000000000e+02,4.880000000000000000e+02
1.080000000000000000e+02,4.900000000000000000e+02
1.070000000000000000e+02,4.910000000000000000e+02
1.070000000000000000e+02,4.930000000000000000e+02
1.060000000000000000e+02,4.940000000000000000e+02
1.060000000000000000e+02,5.220000000000000000e+02
1.070000000000000000e+02,5.230000000000000000e+02
1.070000000000000000e+02,5.300000000000000000e+02
1.080000000000000000e+02,5.310000000000000000e+02
1.080000000000000000e+02,5.540000000000000000e+02
1.090000000000000000e+02,5.550000000000000000e+02
1.090000000000000000e+02,5.560000000000000000e+02
1.100000000000000000e+02,5.570000000000000000e+02
1.100000000000000000e+02,5.580000000000000000e+02
1.110000000000000000e+02,5.590000000000000000e+02
1.130000000000000000e+02,5.590000000000000000e+02
1.140000000000000000e+02,5.580000000000000000e+02
1.220000000000000000e+02,5.580000000000000000e+02
1.230000000000000000e+02,5.570000000000000000e+02
1.320000000000000000e+02,5.570000000000000000e+02
1.350000000000000000e+02,5.540000000000000000e+02
1.350000000000000000e+02,4.970000000000000000e+02
1.340000000000000000e+02,4.960000000000000000e+02
1.340000000000000000e+02,4.910000000000000000e+02
1.330000000000000000e+02,4.900000000000000000e+02
1.330000000000000000e+02,4.890000000000000000e+02
1.320000000000000000e+02,4.880000000000000000e+02
1.320000000000000000e+02,4.870000000000000000e+02
1.300000000000000000e+02,4.850000000000000000e+02
1.300000000000000000e+02,4.840000000000000000e+02
1.280000000000000000e+02,4.820000000000000000e+02
1.280000000000000000e+02,4.810000000000000000e+02
1.270000000000000000e+02,4.800000000000000000e+02
1.270000000000000000e+02,4.770000000000000000e+02
1.260000000000000000e+02,4.760000000000000000e+02
1.260000000000000000e+02,4.670000000000000000e+02
1.250000000000000000e+02,4.660000000000000000e+02
1.250000000000000000e+02,4.610000000000000000e+02
1.240000000000000000e+02,4.600000000000000000e+02
1.240000000000000000e+02,4.510000000000000000e+02
1.230000000000000000e+02,4.500000000000000000e+02
1.230000000000000000e+02,4.480000000000000000e+02
1.220000000000000000e+02,4.470000000000000000e+02
