7.600000000000000000e+01,4.770000000000000000e+02
7.500000000000000000e+01,4.780000000000000000e+02
7.200000000000000000e+01,4.780000000000000000e+02
7.100000000000000000e+01,4.790000000000000000e+02
7.000000000000000000e+01,4.790000000000000000e+02
6.900000000000000000e+01,4.800000000000000000e+02
6.900000000000000000e+01,4.810000000000000000e+02
6.700000000000000000e+01,4.830000000000000000e+02
6.700000000000000000e+01,4.950000000000000000e+02
6.800000000000000000e+01,4.960000000000000000e+02
6.800000000000000000e+01,5.000000000000000000e+02
6.700000000000000000e+01,5.010000000000000000e+02
6.700000000000000000e+01,5.030000000000000000e+02
6.600000000000000000e+01,5.040000000000000000e+02
6.600000000000000000e+01,5.070000000000000000e+02
6.500000000000000000e+01,5.080000000000000000e+02
6.500000000000000000e+01,5.130000000000000000e+02
6.600000000000000000e+01,5.140000000000000000e+02
6.600000000000000000e+01,5.220000000000000000e+02
6.700000000000000000e+01,5.230000000000000000e+02
8.000000000000000000e+01,5.230000000000000000e+02
8.100000000000000000e+01,5.220000000000000000e+02
8.200000000000000000e+01,5.220000000000000000e+02
8.300000000000000000e+01,5.210000000000000000e+02
8.300000000000000000e+01,5.160000000000000000e+02
8.200000000000000000e+01,5.150000000000000000e+02
8.200000000000000000e+01,5.050000000000000000e+02
8.100000000000000000e+01,5.040000000000000000e+02
8.100000000000000000e+01,4.810000000000000000e+02
8.000000000000000000e+01,4.800000000000000000e+02
8.000000000000000000e+01,4.790000000000000000e+02
7.900000000000000000e+01,4.780000000000000000e+02
7.700000000000000000e+01,4.780000000000000000e+02
