3.300000000000000000e+01,5.010000000000000000e+02
3.200000000000000000e+01,5.020000000000000000e+02
3.100000000000000000e+01,5.020000000000000000e+02
2.700000000000000000e+01,5.060000000000000000e+02
2.700000000000000000e+01,5.190000000000000000e+02
2.800000000000000000e+01,5.200000000000000000e+02
2.800000000000000000e+01,5.210000000000000000e+02
2.700000000000000000e+01,5.220000000000000000e+02
2.700000000000000000e+01,5.330000000000000000e+02
2.600000000000000000e+01,5.340000000000000000e+02
2.600000000000000000e+01,5.440000000000000000e+02
2.500000000000000000e+01,5.450000000000000000e+02
2.500000000000000000e+01,5.480000000000000000e+02
2.400000000000000000e+01,5.490000000000000000e+02
2.400000000000000000e+01,5.500000000000000000e+02
2.300000000000000000e+01,5.510000000000000000e+02
2.300000000000000000e+01,5.530000000000000000e+02
2.200000000000000000e+01,5.540000000000000000e+02
2.200000000000000000e+01,5.550000000000000000e+02
2.100000000000000000e+01,5.560000000000000000e+02
2.100000000000000000e+01,5.590000000000000000e+02
2.000000000000000000e+01,5.600000000000000000e+02
2.000000000000000000e+01,5.850000000000000000e+02
2.100000000000000000e+01,5.860000000000000000e+02
2.100000000000000000e+01,5.950000000000000000e+02
2.200000000000000000e+01,5.960000000000000000e+02
2.200000000000000000e+01,6.040000000000000000e+02
2.300000000000000000e+01,6.050000000000000000e+02
2.300000000000000000e+01,6.200000000000000000e+02
2.400000000000000000e+01,6.210000000000000000e+02
2.400000000000000000e+01,6.240000000000000000e+02
2.700000000000000000e+01,6.270000000000000000e+02
2.800000000000000000e+01,6.270000000000000000e+02
2.900000000000000000e+01,6.280000000000000000e+02
3.600000000000000000e+01,6.280000000000000000e+02
3.700000000000000000e+01,6.270000000000000000e+02
4.100000000000000000e+01,6.270000000000000000e+02
4.200000000000000000e+01,6.260000000000000000e+02
4.500000000000000000e+01,6.260000000000000000e+02
4.600000000000000000e+01,6.270000000000000000e+02
5.400000000000000000e+01,6.270000000000000000e+02
5.500000000000000000e+01,6.260000000000000000e+02
5.500000000000000000e+01,6.240000000000000000e+02
5.600000000000000000e+01,6.230000000000000000e+02
5.600000000000000000e+01,5.700000000000000000e+02
5.500000000000000000e+01,5.690000000000000000e+02
5.500000000000000000e+01,5.620000000000000000e+02
5.400000000000000000e+01,5.610000000000000000e+02
5.400000000000000000e+01,5.590000000000000000e+02
5.300000000000000000e+01,5.580000000000000000e+02
5.300000000000000000e+01,5.560000000000000000e+02
5.200000000000000000e+01,5.550000000000000000e+02
5.200000000000000000e+01,5.540000000000000000e+02
5.100000000000000000e+01,5.530000000000000000e+02
5.100000000000000000e+01,5.510000000000000000e+02
4.900000000000000000e+01,5.490000000000000000e+02
4.900000000000000000e+01,5.480000000000000000e+02
4.800000000000000000e+01,5.470000000000000000e+02
4.800000000000000000e+01,5.460000000000000000e+02
4.700000000000000000e+01,5.450000000000000000e+02
4.700000000000000000e+01,5.440000000000000000e+02
4.600000000000000000e+01,5.430000000000000000e+02
4.600000000000000000e+01,5.340000000000000000e+02
4.500000000000000000e+01,5.330000000000000000e+02
4.500000000000000000e+01,5.270000000000000000e+02
4.400000000000000000e+01,5.260000000000000000e+02
4.400000000000000000e+01,5.210000000000000000e+02
4.300000000000000000e+01,5.200000000000000000e+02
4.300000000000000000e+01,5.060000000000000000e+02
4.200000000000000000e+01,5.050000000000000000e+02
4.200000000000000000e+01,5.030000000000000000e+02
4.000000000000000000e+01,5.010000000000000000e+02
