5.000000000000000000e+00,5.320000000000000000e+02
4.000000000000000000e+00,5.330000000000000000e+02
3.000000000000000000e+00,5.330000000000000000e+02
0.000000000000000000e+00,5.360000000000000000e+02
0.000000000000000000e+00,6.220000000000000000e+02
2.000000000000000000e+00,6.240000000000000000e+02
2.000000000000000000e+00,6.250000000000000000e+02
3.000000000000000000e+00,6.260000000000000000e+02
1.100000000000000000e+01,6.260000000000000000e+02
1.200000000000000000e+01,6.250000000000000000e+02
1.300000000000000000e+01,6.250000000000000000e+02
1.400000000000000000e+01,6.240000000000000000e+02
2.100000000000000000e+01,6.240000000000000000e+02
2.300000000000000000e+01,6.220000000000000000e+02
2.300000000000000000e+01,5.950000000000000000e+02
2.200000000000000000e+01,5.940000000000000000e+02
2.200000000000000000e+01,5.930000000000000000e+02
2.100000000000000000e+01,5.920000000000000000e+02
2.100000000000000000e+01,5.900000000000000000e+02
1.800000000000000000e+01,5.870000000000000000e+02
1.800000000000000000e+01,5.860000000000000000e+02
1.600000000000000000e+01,5.840000000000000000e+02
1.600000000000000000e+01,5.830000000000000000e+02
1.500000000000000000e+01,5.820000000000000000e+02
1.500000000000000000e+01,5.740000000000000000e+02
1.400000000000000000e+01,5.730000000000000000e+02
1.400000000000000000e+01,5.670000000000000000e+02
1.300000000000000000e+01,5.660000000000000000e+02
1.300000000000000000e+01,5.610000000000000000e+02
1.200000000000000000e+01,5.600000000000000000e+02
1.200000000000000000e+01,5.540000000000000000e+02
1.100000000000000000e+01,5.530000000000000000e+02
1.100000000000000000e+01,5.360000000000000000e+02
1.000000000000000000e+01,5.350000000000000000e+02
1.000000000000000000e+01,5.340000000000000000e+02
9.000000000000000000e+00,5.330000000000000000e+02
8.000000000000000000e+00,5.330000000000000000e+02
7.000000000000000000e+00,5.320000000000000000e+02
