6.010000000000000000e+02,3.120000000000000000e+02
6.000000000000000000e+02,3.130000000000000000e+02
5.980000000000000000e+02,3.130000000000000000e+02
5.970000000000000000e+02,3.140000000000000000e+02
5.950000000000000000e+02,3.140000000000000000e+02
5.930000000000000000e+02,3.160000000000000000e+02
5.940000000000000000e+02,3.170000000000000000e+02
5.940000000000000000e+02,3.180000000000000000e+02
6.010000000000000000e+02,3.250000000000000000e+02
6.010000000000000000e+02,3.260000000000000000e+02
6.040000000000000000e+02,3.290000000000000000e+02
6.040000000000000000e+02,3.300000000000000000e+02
6.090000000000000000e+02,3.350000000000000000e+02
6.110000000000000000e+02,3.350000000000000000e+02
6.180000000000000000e+02,3.280000000000000000e+02
6.180000000000000000e+02,3.270000000000000000e+02
6.200000000000000000e+02,3.250000000000000000e+02
6.200000000000000000e+02,3.190000000000000000e+02
6.190000000000000000e+02,3.180000000000000000e+02
6.190000000000000000e+02,3.160000000000000000e+02
6.170000000000000000e+02,3.140000000000000000e+02
6.160000000000000000e+02,3.140000000000000000e+02
6.150000000000000000e+02,3.130000000000000000e+02
6.080000000000000000e+02,3.130000000000000000e+02
6.070000000000000000e+02,3.120000000000000000e+02
