2.000000000000000000e+01,4.490000000000000000e+02
1.900000000000000000e+01,4.500000000000000000e+02
1.700000000000000000e+01,4.500000000000000000e+02
1.600000000000000000e+01,4.510000000000000000e+02
1.600000000000000000e+01,4.520000000000000000e+02
1.500000000000000000e+01,4.530000000000000000e+02
1.500000000000000000e+01,4.540000000000000000e+02
1.300000000000000000e+01,4.560000000000000000e+02
1.300000000000000000e+01,4.590000000000000000e+02
1.200000000000000000e+01,4.600000000000000000e+02
1.200000000000000000e+01,4.790000000000000000e+02
1.100000000000000000e+01,4.800000000000000000e+02
1.100000000000000000e+01,4.840000000000000000e+02
1.000000000000000000e+01,4.850000000000000000e+02
1.000000000000000000e+01,4.860000000000000000e+02
9.000000000000000000e+00,4.870000000000000000e+02
9.000000000000000000e+00,4.890000000000000000e+02
8.000000000000000000e+00,4.900000000000000000e+02
8.000000000000000000e+00,4.940000000000000000e+02
7.000000000000000000e+00,4.950000000000000000e+02
7.000000000000000000e+00,5.020000000000000000e+02
6.000000000000000000e+00,5.030000000000000000e+02
6.000000000000000000e+00,5.100000000000000000e+02
5.000000000000000000e+00,5.110000000000000000e+02
5.000000000000000000e+00,5.130000000000000000e+02
4.000000000000000000e+00,5.140000000000000000e+02
4.000000000000000000e+00,5.160000000000000000e+02
3.000000000000000000e+00,5.170000000000000000e+02
3.000000000000000000e+00,5.180000000000000000e+02
2.000000000000000000e+00,5.190000000000000000e+02
2.000000000000000000e+00,5.210000000000000000e+02
1.000000000000000000e+00,5.220000000000000000e+02
1.000000000000000000e+00,5.350000000000000000e+02
0.000000000000000000e+00,5.360000000000000000e+02
0.000000000000000000e+00,5.690000000000000000e+02
1.000000000000000000e+00,5.700000000000000000e+02
1.000000000000000000e+00,6.000000000000000000e+02
0.000000000000000000e+00,6.010000000000000000e+02
0.000000000000000000e+00,6.200000000000000000e+02
1.000000000000000000e+00,6.210000000000000000e+02
1.000000000000000000e+00,6.230000000000000000e+02
3.000000000000000000e+00,6.250000000000000000e+02
8.000000000000000000e+00,6.250000000000000000e+02
9.000000000000000000e+00,6.260000000000000000e+02
1.100000000000000000e+01,6.260000000000000000e+02
1.200000000000000000e+01,6.250000000000000000e+02
1.600000000000000000e+01,6.250000000000000000e+02
1.700000000000000000e+01,6.240000000000000000e+02
1.800000000000000000e+01,6.240000000000000000e+02
2.000000000000000000e+01,6.220000000000000000e+02
2.200000000000000000e+01,6.220000000000000000e+02
2.300000000000000000e+01,6.210000000000000000e+02
2.600000000000000000e+01,6.210000000000000000e+02
2.700000000000000000e+01,6.200000000000000000e+02
4.000000000000000000e+01,6.200000000000000000e+02
4.300000000000000000e+01,6.170000000000000000e+02
4.300000000000000000e+01,6.110000000000000000e+02
4.400000000000000000e+01,6.100000000000000000e+02
4.400000000000000000e+01,5.750000000000000000e+02
4.500000000000000000e+01,5.740000000000000000e+02
4.500000000000000000e+01,5.330000000000000000e+02
4.400000000000000000e+01,5.320000000000000000e+02
4.400000000000000000e+01,5.280000000000000000e+02
4.300000000000000000e+01,5.270000000000000000e+02
4.300000000000000000e+01,5.260000000000000000e+02
4.200000000000000000e+01,5.250000000000000000e+02
4.200000000000000000e+01,5.240000000000000000e+02
4.000000000000000000e+01,5.220000000000000000e+02
4.000000000000000000e+01,5.210000000000000000e+02
3.600000000000000000e+01,5.170000000000000000e+02
3.600000000000000000e+01,5.160000000000000000e+02
3.500000000000000000e+01,5.150000000000000000e+02
3.500000000000000000e+01,5.120000000000000000e+02
3.400000000000000000e+01,5.110000000000000000e+02
3.400000000000000000e+01,4.750000000000000000e+02
3.300000000000000000e+01,4.740000000000000000e+02
3.300000000000000000e+01,4.700000000000000000e+02
3.400000000000000000e+01,4.690000000000000000e+02
3.400000000000000000e+01,4.590000000000000000e+02
3.300000000000000000e+01,4.580000000000000000e+02
3.300000000000000000e+01,4.540000000000000000e+02
3.200000000000000000e+01,4.530000000000000000e+02
3.200000000000000000e+01,4.520000000000000000e+02
3.000000000000000000e+01,4.500000000000000000e+02
2.700000000000000000e+01,4.500000000000000000e+02
2.600000000000000000e+01,4.490000000000000000e+02
