5.800000000000000000e+01,4.470000000000000000e+02
5.700000000000000000e+01,4.480000000000000000e+02
5.600000000000000000e+01,4.480000000000000000e+02
5.400000000000000000e+01,4.500000000000000000e+02
5.400000000000000000e+01,4.510000000000000000e+02
5.200000000000000000e+01,4.530000000000000000e+02
5.200000000000000000e+01,4.540000000000000000e+02
5.100000000000000000e+01,4.550000000000000000e+02
5.100000000000000000e+01,4.570000000000000000e+02
5.000000000000000000e+01,4.580000000000000000e+02
5.000000000000000000e+01,4.650000000000000000e+02
4.900000000000000000e+01,4.660000000000000000e+02
4.900000000000000000e+01,4.770000000000000000e+02
4.800000000000000000e+01,4.780000000000000000e+02
4.800000000000000000e+01,4.810000000000000000e+02
4.700000000000000000e+01,4.820000000000000000e+02
4.700000000000000000e+01,4.840000000000000000e+02
4.600000000000000000e+01,4.850000000000000000e+02
4.600000000000000000e+01,4.880000000000000000e+02
4.500000000000000000e+01,4.890000000000000000e+02
4.500000000000000000e+01,5.000000000000000000e+02
4.400000000000000000e+01,5.010000000000000000e+02
4.400000000000000000e+01,5.080000000000000000e+02
4.300000000000000000e+01,5.090000000000000000e+02
4.300000000000000000e+01,5.120000000000000000e+02
3.800000000000000000e+01,5.170000000000000000e+02
3.800000000000000000e+01,5.190000000000000000e+02
3.700000000000000000e+01,5.200000000000000000e+02
3.700000000000000000e+01,5.210000000000000000e+02
3.500000000000000000e+01,5.230000000000000000e+02
3.500000000000000000e+01,5.240000000000000000e+02
3.400000000000000000e+01,5.250000000000000000e+02
3.400000000000000000e+01,5.280000000000000000e+02
3.300000000000000000e+01,5.290000000000000000e+02
3.300000000000000000e+01,5.340000000000000000e+02
3.400000000000000000e+01,5.350000000000000000e+02
3.400000000000000000e+01,5.370000000000000000e+02
3.500000000000000000e+01,5.380000000000000000e+02
3.500000000000000000e+01,5.390000000000000000e+02
3.600000000000000000e+01,5.400000000000000000e+02
3.800000000000000000e+01,5.380000000000000000e+02
3.900000000000000000e+01,5.390000000000000000e+02
4.100000000000000000e+01,5.390000000000000000e+02
4.200000000000000000e+01,5.400000000000000000e+02
4.500000000000000000e+01,5.400000000000000000e+02
4.600000000000000000e+01,5.410000000000000000e+02
4.700000000000000000e+01,5.410000000000000000e+02
4.800000000000000000e+01,5.420000000000000000e+02
4.900000000000000000e+01,5.420000000000000000e+02
5.000000000000000000e+01,5.430000000000000000e+02
5.000000000000000000e+01,5.500000000000000000e+02
4.900000000000000000e+01,5.510000000000000000e+02
4.900000000000000000e+01,5.550000000000000000e+02
4.800000000000000000e+01,5.560000000000000000e+02
4.800000000000000000e+01,5.710000000000000000e+02
4.700000000000000000e+01,5.720000000000000000e+02
4.700000000000000000e+01,5.840000000000000000e+02
4.600000000000000000e+01,5.850000000000000000e+02
4.600000000000000000e+01,5.980000000000000000e+02
4.500000000000000000e+01,5.990000000000000000e+02
4.500000000000000000e+01,6.080000000000000000e+02
4.200000000000000000e+01,6.110000000000000000e+02
4.200000000000000000e+01,6.130000000000000000e+02
4.400000000000000000e+01,6.150000000000000000e+02
4.400000000000000000e+01,6.180000000000000000e+02
4.600000000000000000e+01,6.200000000000000000e+02
4.700000000000000000e+01,6.200000000000000000e+02
4.800000000000000000e+01,6.210000000000000000e+02
5.300000000000000000e+01,6.210000000000000000e+02
5.400000000000000000e+01,6.200000000000000000e+02
5.500000000000000000e+01,6.210000000000000000e+02
5.600000000000000000e+01,6.200000000000000000e+02
5.700000000000000000e+01,6.200000000000000000e+02
5.800000000000000000e+01,6.190000000000000000e+02
5.900000000000000000e+01,6.190000000000000000e+02
6.000000000000000000e+01,6.180000000000000000e+02
6.100000000000000000e+01,6.180000000000000000e+02
6.200000000000000000e+01,6.170000000000000000e+02
6.500000000000000000e+01,6.170000000000000000e+02
6.600000000000000000e+01,6.160000000000000000e+02
7.700000000000000000e+01,6.160000000000000000e+02
7.800000000000000000e+01,6.150000000000000000e+02
7.900000000000000000e+01,6.150000000000000000e+02
8.100000000000000000e+01,6.130000000000000000e+02
8.100000000000000000e+01,6.090000000000000000e+02
8.200000000000000000e+01,6.080000000000000000e+02
8.200000000000000000e+01,5.670000000000000000e+02
8.300000000000000000e+01,5.660000000000000000e+02
8.300000000000000000e+01,5.290000000000000000e+02
8.200000000000000000e+01,5.280000000000000000e+02
8.200000000000000000e+01,5.250000000000000000e+02
8.100000000000000000e+01,5.240000000000000000e+02
8.100000000000000000e+01,5.230000000000000000e+02
8.000000000000000000e+01,5.220000000000000000e+02
8.000000000000000000e+01,5.210000000000000000e+02
7.800000000000000000e+01,5.190000000000000000e+02
7.800000000000000000e+01,5.170000000000000000e+02
7.400000000000000000e+01,5.130000000000000000e+02
7.400000000000000000e+01,5.120000000000000000e+02
7.300000000000000000e+01,5.110000000000000000e+02
7.300000000000000000e+01,5.070000000000000000e+02
7.200000000000000000e+01,5.060000000000000000e+02
7.300000000000000000e+01,5.050000000000000000e+02
7.300000000000000000e+01,4.820000000000000000e+02
7.200000000000000000e+01,4.810000000000000000e+02
7.200000000000000000e+01,4.530000000000000000e+02
7.100000000000000000e+01,4.520000000000000000e+02
7.100000000000000000e+01,4.500000000000000000e+02
6.900000000000000000e+01,4.480000000000000000e+02
6.700000000000000000e+01,4.480000000000000000e+02
6.600000000000000000e+01,4.470000000000000000e+02
