4.570000000000000000e+02,5.770000000000000000e+02
4.560000000000000000e+02,5.780000000000000000e+02
4.540000000000000000e+02,5.780000000000000000e+02
4.530000000000000000e+02,5.790000000000000000e+02
4.520000000000000000e+02,5.790000000000000000e+02
4.510000000000000000e+02,5.800000000000000000e+02
4.500000000000000000e+02,5.800000000000000000e+02
4.490000000000000000e+02,5.810000000000000000e+02
4.420000000000000000e+02,5.810000000000000000e+02
4.400000000000000000e+02,5.830000000000000000e+02
4.400000000000000000e+02,5.840000000000000000e+02
4.390000000000000000e+02,5.850000000000000000e+02
4.390000000000000000e+02,5.860000000000000000e+02
4.380000000000000000e+02,5.870000000000000000e+02
4.380000000000000000e+02,5.910000000000000000e+02
4.390000000000000000e+02,5.920000000000000000e+02
4.390000000000000000e+02,5.940000000000000000e+02
4.400000000000000000e+02,5.950000000000000000e+02
4.410000000000000000e+02,5.950000000000000000e+02
4.430000000000000000e+02,5.970000000000000000e+02
4.470000000000000000e+02,5.970000000000000000e+02
4.510000000000000000e+02,6.010000000000000000e+02
4.510000000000000000e+02,6.020000000000000000e+02
4.550000000000000000e+02,6.060000000000000000e+02
4.550000000000000000e+02,6.090000000000000000e+02
4.560000000000000000e+02,6.100000000000000000e+02
4.560000000000000000e+02,6.110000000000000000e+02
4.540000000000000000e+02,6.130000000000000000e+02
4.550000000000000000e+02,6.140000000000000000e+02
4.570000000000000000e+02,6.140000000000000000e+02
4.580000000000000000e+02,6.150000000000000000e+02
4.590000000000000000e+02,6.140000000000000000e+02
4.610000000000000000e+02,6.140000000000000000e+02
4.620000000000000000e+02,6.150000000000000000e+02
4.630000000000000000e+02,6.140000000000000000e+02
4.640000000000000000e+02,6.140000000000000000e+02
4.650000000000000000e+02,6.130000000000000000e+02
4.680000000000000000e+02,6.130000000000000000e+02
4.690000000000000000e+02,6.120000000000000000e+02
4.720000000000000000e+02,6.120000000000000000e+02
4.730000000000000000e+02,6.110000000000000000e+02
4.730000000000000000e+02,6.040000000000000000e+02
4.720000000000000000e+02,6.030000000000000000e+02
4.720000000000000000e+02,6.010000000000000000e+02
4.710000000000000000e+02,6.000000000000000000e+02
4.710000000000000000e+02,5.970000000000000000e+02
4.700000000000000000e+02,5.960000000000000000e+02
4.700000000000000000e+02,5.950000000000000000e+02
4.690000000000000000e+02,5.940000000000000000e+02
4.690000000000000000e+02,5.900000000000000000e+02
4.680000000000000000e+02,5.890000000000000000e+02
4.680000000000000000e+02,5.860000000000000000e+02
4.690000000000000000e+02,5.850000000000000000e+02
4.690000000000000000e+02,5.830000000000000000e+02
4.700000000000000000e+02,5.820000000000000000e+02
4.700000000000000000e+02,5.800000000000000000e+02
4.710000000000000000e+02,5.790000000000000000e+02
4.690000000000000000e+02,5.770000000000000000e+02
