8.160000000000000000e+02,5.640000000000000000e+02
8.150000000000000000e+02,5.650000000000000000e+02
8.140000000000000000e+02,5.650000000000000000e+02
8.130000000000000000e+02,5.660000000000000000e+02
8.090000000000000000e+02,5.660000000000000000e+02
8.080000000000000000e+02,5.670000000000000000e+02
8.040000000000000000e+02,5.670000000000000000e+02
8.000000000000000000e+02,5.710000000000000000e+02
8.000000000000000000e+02,5.720000000000000000e+02
7.990000000000000000e+02,5.730000000000000000e+02
7.990000000000000000e+02,5.740000000000000000e+02
7.980000000000000000e+02,5.750000000000000000e+02
7.980000000000000000e+02,5.840000000000000000e+02
7.990000000000000000e+02,5.850000000000000000e+02
7.990000000000000000e+02,5.880000000000000000e+02
8.000000000000000000e+02,5.890000000000000000e+02
8.000000000000000000e+02,5.920000000000000000e+02
8.010000000000000000e+02,5.930000000000000000e+02
8.010000000000000000e+02,5.960000000000000000e+02
8.030000000000000000e+02,5.980000000000000000e+02
8.050000000000000000e+02,5.980000000000000000e+02
8.060000000000000000e+02,5.990000000000000000e+02
8.140000000000000000e+02,5.990000000000000000e+02
8.150000000000000000e+02,5.980000000000000000e+02
8.170000000000000000e+02,5.980000000000000000e+02
8.230000000000000000e+02,5.920000000000000000e+02
8.230000000000000000e+02,5.910000000000000000e+02
8.240000000000000000e+02,5.900000000000000000e+02
8.240000000000000000e+02,5.890000000000000000e+02
8.250000000000000000e+02,5.880000000000000000e+02
8.250000000000000000e+02,5.860000000000000000e+02
8.260000000000000000e+02,5.850000000000000000e+02
8.260000000000000000e+02,5.750000000000000000e+02
8.250000000000000000e+02,5.740000000000000000e+02
8.250000000000000000e+02,5.700000000000000000e+02
8.240000000000000000e+02,5.690000000000000000e+02
8.240000000000000000e+02,5.670000000000000000e+02
8.210000000000000000e+02,5.640000000000000000e+02
