1.970000000000000000e+02,4.340000000000000000e+02
1.960000000000000000e+02,4.350000000000000000e+02
1.920000000000000000e+02,4.350000000000000000e+02
1.900000000000000000e+02,4.370000000000000000e+02
1.900000000000000000e+02,4.380000000000000000e+02
1.890000000000000000e+02,4.390000000000000000e+02
1.890000000000000000e+02,4.400000000000000000e+02
1.880000000000000000e+02,4.410000000000000000e+02
1.880000000000000000e+02,4.420000000000000000e+02
1.870000000000000000e+02,4.430000000000000000e+02
1.870000000000000000e+02,4.460000000000000000e+02
1.860000000000000000e+02,4.470000000000000000e+02
1.860000000000000000e+02,4.580000000000000000e+02
1.850000000000000000e+02,4.590000000000000000e+02
1.850000000000000000e+02,4.660000000000000000e+02
1.840000000000000000e+02,4.670000000000000000e+02
1.840000000000000000e+02,4.710000000000000000e+02
1.830000000000000000e+02,4.720000000000000000e+02
1.830000000000000000e+02,4.770000000000000000e+02
1.820000000000000000e+02,4.780000000000000000e+02
1.820000000000000000e+02,4.930000000000000000e+02
1.810000000000000000e+02,4.940000000000000000e+02
1.810000000000000000e+02,4.950000000000000000e+02
1.800000000000000000e+02,4.960000000000000000e+02
1.800000000000000000e+02,4.980000000000000000e+02
1.760000000000000000e+02,5.020000000000000000e+02
1.760000000000000000e+02,5.030000000000000000e+02
1.750000000000000000e+02,5.040000000000000000e+02
1.750000000000000000e+02,5.050000000000000000e+02
1.730000000000000000e+02,5.070000000000000000e+02
1.730000000000000000e+02,5.080000000000000000e+02
1.720000000000000000e+02,5.090000000000000000e+02
1.720000000000000000e+02,5.100000000000000000e+02
1.710000000000000000e+02,5.110000000000000000e+02
1.710000000000000000e+02,5.130000000000000000e+02
1.700000000000000000e+02,5.140000000000000000e+02
1.700000000000000000e+02,5.300000000000000000e+02
1.690000000000000000e+02,5.310000000000000000e+02
1.690000000000000000e+02,5.450000000000000000e+02
1.700000000000000000e+02,5.460000000000000000e+02
1.700000000000000000e+02,5.490000000000000000e+02
1.730000000000000000e+02,5.520000000000000000e+02
1.730000000000000000e+02,5.530000000000000000e+02
1.740000000000000000e+02,5.540000000000000000e+02
1.740000000000000000e+02,5.550000000000000000e+02
1.750000000000000000e+02,5.560000000000000000e+02
1.750000000000000000e+02,5.570000000000000000e+02
1.760000000000000000e+02,5.580000000000000000e+02
1.760000000000000000e+02,5.590000000000000000e+02
1.770000000000000000e+02,5.600000000000000000e+02
1.770000000000000000e+02,5.640000000000000000e+02
1.780000000000000000e+02,5.650000000000000000e+02
1.780000000000000000e+02,5.700000000000000000e+02
1.770000000000000000e+02,5.710000000000000000e+02
1.770000000000000000e+02,5.790000000000000000e+02
1.760000000000000000e+02,5.800000000000000000e+02
1.760000000000000000e+02,5.860000000000000000e+02
1.750000000000000000e+02,5.870000000000000000e+02
1.750000000000000000e+02,5.900000000000000000e+02
1.740000000000000000e+02,5.910000000000000000e+02
1.740000000000000000e+02,5.930000000000000000e+02
1.730000000000000000e+02,5.940000000000000000e+02
1.730000000000000000e+02,6.030000000000000000e+02
1.750000000000000000e+02,6.050000000000000000e+02
1.930000000000000000e+02,6.050000000000000000e+02
1.940000000000000000e+02,6.040000000000000000e+02
1.950000000000000000e+02,6.040000000000000000e+02
1.970000000000000000e+02,6.020000000000000000e+02
1.990000000000000000e+02,6.020000000000000000e+02
2.000000000000000000e+02,6.010000000000000000e+02
2.050000000000000000e+02,6.010000000000000000e+02
2.060000000000000000e+02,6.000000000000000000e+02
2.140000000000000000e+02,6.000000000000000000e+02
2.180000000000000000e+02,5.960000000000000000e+02
2.180000000000000000e+02,5.850000000000000000e+02
2.170000000000000000e+02,5.840000000000000000e+02
2.170000000000000000e+02,5.820000000000000000e+02
2.180000000000000000e+02,5.810000000000000000e+02
2.180000000000000000e+02,5.160000000000000000e+02
2.170000000000000000e+02,5.150000000000000000e+02
2.170000000000000000e+02,5.120000000000000000e+02
2.160000000000000000e+02,5.110000000000000000e+02
2.160000000000000000e+02,5.090000000000000000e+02
2.150000000000000000e+02,5.080000000000000000e+02
2.150000000000000000e+02,5.070000000000000000e+02
2.130000000000000000e+02,5.050000000000000000e+02
2.130000000000000000e+02,5.030000000000000000e+02
2.110000000000000000e+02,5.010000000000000000e+02
2.100000000000000000e+02,5.010000000000000000e+02
2.090000000000000000e+02,5.000000000000000000e+02
2.090000000000000000e+02,4.990000000000000000e+02
2.080000000000000000e+02,4.980000000000000000e+02
2.080000000000000000e+02,4.950000000000000000e+02
2.070000000000000000e+02,4.940000000000000000e+02
2.070000000000000000e+02,4.730000000000000000e+02
2.060000000000000000e+02,4.720000000000000000e+02
2.060000000000000000e+02,4.620000000000000000e+02
2.050000000000000000e+02,4.610000000000000000e+02
2.050000000000000000e+02,4.510000000000000000e+02
2.060000000000000000e+02,4.500000000000000000e+02
2.060000000000000000e+02,4.420000000000000000e+02
2.050000000000000000e+02,4.410000000000000000e+02
2.050000000000000000e+02,4.370000000000000000e+02
2.030000000000000000e+02,4.350000000000000000e+02
2.000000000000000000e+02,4.350000000000000000e+02
1.990000000000000000e+02,4.340000000000000000e+02
