3.870000000000000000e+02,5.150000000000000000e+02
3.860000000000000000e+02,5.160000000000000000e+02
3.850000000000000000e+02,5.160000000000000000e+02
3.830000000000000000e+02,5.180000000000000000e+02
3.830000000000000000e+02,5.260000000000000000e+02
3.820000000000000000e+02,5.270000000000000000e+02
3.820000000000000000e+02,5.300000000000000000e+02
3.780000000000000000e+02,5.340000000000000000e+02
3.770000000000000000e+02,5.340000000000000000e+02
3.760000000000000000e+02,5.350000000000000000e+02
3.750000000000000000e+02,5.350000000000000000e+02
3.740000000000000000e+02,5.360000000000000000e+02
3.740000000000000000e+02,5.370000000000000000e+02
3.730000000000000000e+02,5.380000000000000000e+02
3.730000000000000000e+02,5.440000000000000000e+02
3.740000000000000000e+02,5.450000000000000000e+02
3.740000000000000000e+02,5.470000000000000000e+02
3.750000000000000000e+02,5.480000000000000000e+02
3.750000000000000000e+02,5.490000000000000000e+02
3.780000000000000000e+02,5.520000000000000000e+02
3.950000000000000000e+02,5.520000000000000000e+02
3.980000000000000000e+02,5.490000000000000000e+02
3.980000000000000000e+02,5.460000000000000000e+02
3.970000000000000000e+02,5.450000000000000000e+02
3.970000000000000000e+02,5.330000000000000000e+02
3.960000000000000000e+02,5.320000000000000000e+02
3.960000000000000000e+02,5.280000000000000000e+02
3.970000000000000000e+02,5.270000000000000000e+02
3.970000000000000000e+02,5.260000000000000000e+02
3.980000000000000000e+02,5.250000000000000000e+02
3.980000000000000000e+02,5.230000000000000000e+02
4.000000000000000000e+02,5.210000000000000000e+02
4.000000000000000000e+02,5.170000000000000000e+02
3.990000000000000000e+02,5.160000000000000000e+02
3.970000000000000000e+02,5.160000000000000000e+02
3.960000000000000000e+02,5.150000000000000000e+02
