2.400000000000000000e+02,4.220000000000000000e+02
2.390000000000000000e+02,4.230000000000000000e+02
2.380000000000000000e+02,4.230000000000000000e+02
2.370000000000000000e+02,4.240000000000000000e+02
2.360000000000000000e+02,4.240000000000000000e+02
2.350000000000000000e+02,4.250000000000000000e+02
2.340000000000000000e+02,4.250000000000000000e+02
2.310000000000000000e+02,4.280000000000000000e+02
2.310000000000000000e+02,4.290000000000000000e+02
2.300000000000000000e+02,4.300000000000000000e+02
2.300000000000000000e+02,4.380000000000000000e+02
2.290000000000000000e+02,4.390000000000000000e+02
2.290000000000000000e+02,4.530000000000000000e+02
2.280000000000000000e+02,4.540000000000000000e+02
2.280000000000000000e+02,4.580000000000000000e+02
2.270000000000000000e+02,4.590000000000000000e+02
2.270000000000000000e+02,4.610000000000000000e+02
2.260000000000000000e+02,4.620000000000000000e+02
2.260000000000000000e+02,4.690000000000000000e+02
2.250000000000000000e+02,4.700000000000000000e+02
2.250000000000000000e+02,4.740000000000000000e+02
2.260000000000000000e+02,4.750000000000000000e+02
2.260000000000000000e+02,4.830000000000000000e+02
2.250000000000000000e+02,4.840000000000000000e+02
2.250000000000000000e+02,4.850000000000000000e+02
2.230000000000000000e+02,4.870000000000000000e+02
2.230000000000000000e+02,4.880000000000000000e+02
2.160000000000000000e+02,4.950000000000000000e+02
2.160000000000000000e+02,4.960000000000000000e+02
2.150000000000000000e+02,4.970000000000000000e+02
2.150000000000000000e+02,4.990000000000000000e+02
2.140000000000000000e+02,5.000000000000000000e+02
2.140000000000000000e+02,5.100000000000000000e+02
2.150000000000000000e+02,5.110000000000000000e+02
2.160000000000000000e+02,5.110000000000000000e+02
2.180000000000000000e+02,5.130000000000000000e+02
2.590000000000000000e+02,5.130000000000000000e+02
2.600000000000000000e+02,5.120000000000000000e+02
2.600000000000000000e+02,4.980000000000000000e+02
2.590000000000000000e+02,4.970000000000000000e+02
2.590000000000000000e+02,4.960000000000000000e+02
2.580000000000000000e+02,4.950000000000000000e+02
2.580000000000000000e+02,4.940000000000000000e+02
2.540000000000000000e+02,4.900000000000000000e+02
2.540000000000000000e+02,4.890000000000000000e+02
2.520000000000000000e+02,4.870000000000000000e+02
2.520000000000000000e+02,4.860000000000000000e+02
2.510000000000000000e+02,4.850000000000000000e+02
2.510000000000000000e+02,4.840000000000000000e+02
2.500000000000000000e+02,4.830000000000000000e+02
2.500000000000000000e+02,4.780000000000000000e+02
2.510000000000000000e+02,4.770000000000000000e+02
2.510000000000000000e+02,4.620000000000000000e+02
2.500000000000000000e+02,4.610000000000000000e+02
2.500000000000000000e+02,4.570000000000000000e+02
2.490000000000000000e+02,4.560000000000000000e+02
2.490000000000000000e+02,4.260000000000000000e+02
2.480000000000000000e+02,4.250000000000000000e+02
2.480000000000000000e+02,4.240000000000000000e+02
2.460000000000000000e+02,4.220000000000000000e+02
