1.780000000000000000e+02,2.650000000000000000e+02
1.760000000000000000e+02,2.670000000000000000e+02
1.760000000000000000e+02,2.710000000000000000e+02
1.770000000000000000e+02,2.720000000000000000e+02
1.770000000000000000e+02,2.770000000000000000e+02
1.760000000000000000e+02,2.780000000000000000e+02
1.760000000000000000e+02,2.810000000000000000e+02
1.750000000000000000e+02,2.820000000000000000e+02
1.750000000000000000e+02,2.850000000000000000e+02
1.760000000000000000e+02,2.860000000000000000e+02
1.760000000000000000e+02,2.910000000000000000e+02
1.770000000000000000e+02,2.920000000000000000e+02
1.770000000000000000e+02,2.950000000000000000e+02
1.780000000000000000e+02,2.960000000000000000e+02
1.780000000000000000e+02,2.970000000000000000e+02
1.790000000000000000e+02,2.980000000000000000e+02
1.860000000000000000e+02,2.980000000000000000e+02
1.880000000000000000e+02,2.960000000000000000e+02
1.880000000000000000e+02,2.800000000000000000e+02
1.870000000000000000e+02,2.790000000000000000e+02
1.870000000000000000e+02,2.770000000000000000e+02
1.860000000000000000e+02,2.760000000000000000e+02
1.860000000000000000e+02,2.750000000000000000e+02
1.870000000000000000e+02,2.740000000000000000e+02
1.860000000000000000e+02,2.730000000000000000e+02
1.870000000000000000e+02,2.720000000000000000e+02
1.870000000000000000e+02,2.710000000000000000e+02
1.860000000000000000e+02,2.700000000000000000e+02
1.860000000000000000e+02,2.670000000000000000e+02
1.850000000000000000e+02,2.660000000000000000e+02
1.840000000000000000e+02,2.660000000000000000e+02
1.830000000000000000e+02,2.650000000000000000e+02
