6.200000000000000000e+02,4.820000000000000000e+02
6.190000000000000000e+02,4.830000000000000000e+02
6.170000000000000000e+02,4.830000000000000000e+02
6.150000000000000000e+02,4.850000000000000000e+02
6.150000000000000000e+02,4.860000000000000000e+02
6.160000000000000000e+02,4.870000000000000000e+02
6.160000000000000000e+02,4.880000000000000000e+02
6.170000000000000000e+02,4.890000000000000000e+02
6.180000000000000000e+02,4.890000000000000000e+02
6.200000000000000000e+02,4.910000000000000000e+02
6.210000000000000000e+02,4.910000000000000000e+02
6.220000000000000000e+02,4.920000000000000000e+02
6.230000000000000000e+02,4.920000000000000000e+02
6.250000000000000000e+02,4.940000000000000000e+02
6.250000000000000000e+02,5.070000000000000000e+02
6.270000000000000000e+02,5.090000000000000000e+02
6.280000000000000000e+02,5.090000000000000000e+02
6.310000000000000000e+02,5.120000000000000000e+02
6.310000000000000000e+02,5.130000000000000000e+02
6.320000000000000000e+02,5.140000000000000000e+02
6.320000000000000000e+02,5.210000000000000000e+02
6.310000000000000000e+02,5.220000000000000000e+02
6.310000000000000000e+02,5.230000000000000000e+02
6.300000000000000000e+02,5.240000000000000000e+02
6.300000000000000000e+02,5.270000000000000000e+02
6.320000000000000000e+02,5.290000000000000000e+02
6.340000000000000000e+02,5.290000000000000000e+02
6.350000000000000000e+02,5.300000000000000000e+02
6.440000000000000000e+02,5.300000000000000000e+02
6.450000000000000000e+02,5.290000000000000000e+02
6.460000000000000000e+02,5.290000000000000000e+02
6.480000000000000000e+02,5.270000000000000000e+02
6.480000000000000000e+02,5.240000000000000000e+02
6.490000000000000000e+02,5.230000000000000000e+02
6.490000000000000000e+02,5.130000000000000000e+02
6.500000000000000000e+02,5.120000000000000000e+02
6.500000000000000000e+02,5.090000000000000000e+02
6.510000000000000000e+02,5.080000000000000000e+02
6.510000000000000000e+02,4.860000000000000000e+02
6.500000000000000000e+02,4.850000000000000000e+02
6.500000000000000000e+02,4.840000000000000000e+02
6.490000000000000000e+02,4.830000000000000000e+02
6.480000000000000000e+02,4.830000000000000000e+02
6.470000000000000000e+02,4.820000000000000000e+02
